1.959657669067382812e-02
1.689052581787109375e-02
1.085019111633300781e-02
1.185870170593261719e-02
1.294302940368652344e-02
1.542878150939941406e-02
1.304554939270019531e-02
1.200008392333984375e-02
1.647043228149414062e-02
1.189994812011718750e-02
1.355361938476562500e-02
1.380586624145507812e-02
1.308012008666992188e-02
1.351523399353027344e-02
1.471138000488281250e-02
1.087498664855957031e-02
1.399326324462890625e-02
1.182794570922851562e-02
1.096224784851074219e-02
1.246213912963867188e-02
1.338624954223632812e-02
1.117897033691406250e-02
1.136398315429687500e-02
1.099705696105957031e-02
1.163554191589355469e-02
1.307225227355957031e-02
1.561355590820312500e-02
1.052260398864746094e-02
1.179933547973632812e-02
1.241707801818847656e-02
1.241612434387207031e-02
1.078081130981445312e-02
1.316118240356445312e-02
1.186037063598632812e-02
1.238703727722167969e-02
1.061773300170898438e-02
1.061534881591796875e-02
1.058816909790039062e-02
1.165795326232910156e-02
1.130366325378417969e-02
1.091265678405761719e-02
1.066827774047851562e-02
1.129961013793945312e-02
1.253199577331542969e-02
1.334214210510253906e-02
1.351404190063476562e-02
1.334738731384277344e-02
1.414990425109863281e-02
2.127385139465332031e-02
1.197052001953125000e-02
1.893520355224609375e-02
1.103734970092773438e-02
1.099205017089843750e-02
1.226091384887695312e-02
1.165699958801269531e-02
1.130938529968261719e-02
1.191806793212890625e-02
1.183009147644042969e-02
1.162219047546386719e-02
1.041197776794433594e-02
1.196885108947753906e-02
1.123094558715820312e-02
1.243686676025390625e-02
1.130104064941406250e-02
1.114034652709960938e-02
9.789943695068359375e-03
1.211237907409667969e-02
9.739637374877929688e-03
1.428389549255371094e-02
1.283407211303710938e-02
1.255011558532714844e-02
1.196718215942382812e-02
1.223373413085937500e-02
1.120901107788085938e-02
1.288914680480957031e-02
1.146221160888671875e-02
1.149916648864746094e-02
1.127362251281738281e-02
1.289176940917968750e-02
1.164531707763671875e-02
1.117062568664550781e-02
1.167201995849609375e-02
1.103901863098144531e-02
1.142883300781250000e-02
1.241135597229003906e-02
1.125192642211914062e-02
1.155161857604980469e-02
1.401901245117187500e-02
1.002168655395507812e-02
1.236033439636230469e-02
1.333522796630859375e-02
1.445651054382324219e-02
1.469635963439941406e-02
1.411485671997070312e-02
1.782083511352539062e-02
1.208901405334472656e-02
1.286578178405761719e-02
1.324152946472167969e-02
1.219987869262695312e-02
1.190066337585449219e-02
1.273679733276367188e-02
1.202654838562011719e-02
1.165461540222167969e-02
1.455664634704589844e-02
1.175260543823242188e-02
1.144218444824218750e-02
1.283264160156250000e-02
1.278471946716308594e-02
1.295900344848632812e-02
1.164603233337402344e-02
1.311087608337402344e-02
1.171803474426269531e-02
1.205062866210937500e-02
1.170206069946289062e-02
1.164817810058593750e-02
1.687645912170410156e-02
1.584339141845703125e-02
1.507902145385742188e-02
1.037597656250000000e-02
1.072597503662109375e-02
1.195168495178222656e-02
1.154708862304687500e-02
1.512384414672851562e-02
1.250934600830078125e-02
1.076412200927734375e-02
1.053214073181152344e-02
1.356506347656250000e-02
1.338386535644531250e-02
1.099467277526855469e-02
1.038718223571777344e-02
1.059150695800781250e-02
1.802420616149902344e-02
1.085710525512695312e-02
1.232528686523437500e-02
1.374793052673339844e-02
1.199173927307128906e-02
1.106357574462890625e-02
1.091670989990234375e-02
1.130938529968261719e-02
1.419925689697265625e-02
1.554656028747558594e-02
1.492619514465332031e-02
1.345396041870117188e-02
1.243662834167480469e-02
1.444482803344726562e-02
1.188158988952636719e-02
1.416659355163574219e-02
1.405906677246093750e-02
1.204347610473632812e-02
1.394820213317871094e-02
1.220583915710449219e-02
1.169252395629882812e-02
1.147651672363281250e-02
1.048326492309570312e-02
1.108860969543457031e-02
1.039409637451171875e-02
1.241874694824218750e-02
1.143765449523925781e-02
1.194715499877929688e-02
1.139616966247558594e-02
1.275014877319335938e-02
1.301479339599609375e-02
1.397132873535156250e-02
1.609635353088378906e-02
1.053047180175781250e-02
1.094794273376464844e-02
1.153516769409179688e-02
1.117753982543945312e-02
1.272630691528320312e-02
1.563906669616699219e-02
1.217222213745117188e-02
9.122371673583984375e-03
6.009244918823242188e-02
1.121401786804199219e-02
9.687662124633789062e-03
1.329374313354492188e-02
1.125478744506835938e-02
1.226139068603515625e-02
1.174283027648925781e-02
1.117300987243652344e-02
1.043653488159179688e-02
1.753282546997070312e-02
1.014852523803710938e-02
1.746392250061035156e-02
1.199698448181152344e-02
1.160240173339843750e-02
1.094031333923339844e-02
1.265931129455566406e-02
1.461386680603027344e-02
1.265406608581542969e-02
1.070690155029296875e-02
1.126241683959960938e-02
1.162624359130859375e-02
1.257038116455078125e-02
1.048421859741210938e-02
1.232957839965820312e-02
1.042556762695312500e-02
1.093792915344238281e-02
1.043581962585449219e-02
1.051640510559082031e-02
1.208639144897460938e-02
1.042842864990234375e-02
1.041269302368164062e-02
9.966373443603515625e-03
1.100635528564453125e-02
1.074504852294921875e-02
1.566386222839355469e-02
1.088333129882812500e-02
1.199650764465332031e-02
1.183700561523437500e-02
1.308894157409667969e-02
1.402831077575683594e-02
1.820588111877441406e-02
1.196646690368652344e-02
1.060676574707031250e-02
1.014399528503417969e-02
1.307678222656250000e-02
1.713037490844726562e-02
9.891986846923828125e-03
1.268219947814941406e-02
1.049399375915527344e-02
