2.214169502258300781e-02
2.106070518493652344e-02
2.804422378540039062e-02
2.009677886962890625e-02
1.867318153381347656e-02
1.818013191223144531e-02
1.691627502441406250e-02
1.877713203430175781e-02
1.799774169921875000e-02
2.001237869262695312e-02
2.135586738586425781e-02
1.675033569335937500e-02
1.717495918273925781e-02
1.662492752075195312e-02
2.210402488708496094e-02
1.686072349548339844e-02
1.746678352355957031e-02
1.645040512084960938e-02
1.623153686523437500e-02
1.903557777404785156e-02
1.599764823913574219e-02
1.696419715881347656e-02
1.834440231323242188e-02
2.345085144042968750e-02
2.057242393493652344e-02
1.675438880920410156e-02
1.818346977233886719e-02
1.960015296936035156e-02
2.332520484924316406e-02
1.675581932067871094e-02
1.785230636596679688e-02
1.954317092895507812e-02
1.876616477966308594e-02
1.795578002929687500e-02
1.711797714233398438e-02
1.871418952941894531e-02
1.703929901123046875e-02
1.808094978332519531e-02
1.790928840637207031e-02
2.394747734069824219e-02
2.158164978027343750e-02
1.623201370239257812e-02
1.704406738281250000e-02
1.799917221069335938e-02
1.838850975036621094e-02
1.966929435729980469e-02
2.037239074707031250e-02
1.906108856201171875e-02
1.782751083374023438e-02
1.705789566040039062e-02
1.699829101562500000e-02
1.909947395324707031e-02
1.797580718994140625e-02
1.922154426574707031e-02
1.841855049133300781e-02
1.827692985534667969e-02
1.785731315612792969e-02
1.765370368957519531e-02
1.803517341613769531e-02
1.718997955322265625e-02
1.909661293029785156e-02
2.080559730529785156e-02
2.104187011718750000e-02
2.060103416442871094e-02
1.911234855651855469e-02
2.064704895019531250e-02
1.748132705688476562e-02
1.786661148071289062e-02
2.415084838867187500e-02
1.811528205871582031e-02
2.673649787902832031e-02
1.956391334533691406e-02
1.725625991821289062e-02
2.124404907226562500e-02
2.125167846679687500e-02
2.251887321472167969e-02
1.777577400207519531e-02
1.749992370605468750e-02
1.735305786132812500e-02
1.905584335327148438e-02
1.869988441467285156e-02
1.920413970947265625e-02
2.068686485290527344e-02
1.704454421997070312e-02
1.862192153930664062e-02
1.882314682006835938e-02
2.001714706420898438e-02
1.821899414062500000e-02
1.695132255554199219e-02
1.914191246032714844e-02
1.716184616088867188e-02
1.777148246765136719e-02
1.998186111450195312e-02
1.877546310424804688e-02
1.725053787231445312e-02
2.133941650390625000e-02
1.651620864868164062e-02
2.006220817565917969e-02
2.140426635742187500e-02
1.796340942382812500e-02
1.823639869689941406e-02
1.716279983520507812e-02
1.794910430908203125e-02
1.810073852539062500e-02
1.679182052612304688e-02
1.637649536132812500e-02
1.720929145812988281e-02
1.730751991271972656e-02
1.636648178100585938e-02
1.839351654052734375e-02
1.667666435241699219e-02
1.811957359313964844e-02
2.121448516845703125e-02
1.780772209167480469e-02
1.795935630798339844e-02
1.916050910949707031e-02
2.033352851867675781e-02
2.244639396667480469e-02
1.992249488830566406e-02
1.870298385620117188e-02
1.786065101623535156e-02
2.048850059509277344e-02
1.869535446166992188e-02
1.723694801330566406e-02
2.015304565429687500e-02
1.763439178466796875e-02
1.653242111206054688e-02
1.724195480346679688e-02
1.641511917114257812e-02
1.681423187255859375e-02
1.644635200500488281e-02
1.834154129028320312e-02
1.695609092712402344e-02
1.778483390808105469e-02
1.697754859924316406e-02
1.747369766235351562e-02
1.723122596740722656e-02
1.723527908325195312e-02
1.606488227844238281e-02
1.901125907897949219e-02
1.646709442138671875e-02
1.739716529846191406e-02
1.901197433471679688e-02
1.715016365051269531e-02
2.065777778625488281e-02
2.110242843627929688e-02
1.663255691528320312e-02
2.036118507385253906e-02
1.838159561157226562e-02
1.793575286865234375e-02
1.698994636535644531e-02
1.818251609802246094e-02
1.763129234313964844e-02
1.980519294738769531e-02
2.077770233154296875e-02
1.779294013977050781e-02
1.803207397460937500e-02
1.764225959777832031e-02
1.966166496276855469e-02
1.723527908325195312e-02
1.808452606201171875e-02
1.894593238830566406e-02
1.890611648559570312e-02
1.689791679382324219e-02
1.697826385498046875e-02
1.697444915771484375e-02
1.637768745422363281e-02
1.815390586853027344e-02
1.624989509582519531e-02
1.880455017089843750e-02
1.920962333679199219e-02
1.727676391601562500e-02
1.657485961914062500e-02
1.604366302490234375e-02
1.666665077209472656e-02
1.578354835510253906e-02
1.884508132934570312e-02
1.785993576049804688e-02
1.606225967407226562e-02
1.663613319396972656e-02
1.604485511779785156e-02
1.698398590087890625e-02
1.722574234008789062e-02
1.625990867614746094e-02
1.725554466247558594e-02
1.648545265197753906e-02
1.748514175415039062e-02
1.721429824829101562e-02
1.804518699645996094e-02
1.864075660705566406e-02
1.724267005920410156e-02
1.850438117980957031e-02
1.841688156127929688e-02
1.798415184020996094e-02
2.114057540893554688e-02
1.712894439697265625e-02
1.769924163818359375e-02
1.824355125427246094e-02
1.692628860473632812e-02
2.269983291625976562e-02
1.929402351379394531e-02
1.778912544250488281e-02
2.419948577880859375e-02
1.724410057067871094e-02
1.668357849121093750e-02
1.752257347106933594e-02
1.771807670593261719e-02
1.665282249450683594e-02
1.723909378051757812e-02
2.607131004333496094e-02
2.195024490356445312e-02
1.844143867492675781e-02
1.936411857604980469e-02
1.854228973388671875e-02
1.817870140075683594e-02
1.639080047607421875e-02
1.875042915344238281e-02
2.351307868957519531e-02
1.732492446899414062e-02
2.005243301391601562e-02
1.688885688781738281e-02
