2.332139015197753906e-02
2.069330215454101562e-02
2.597069740295410156e-02
2.028346061706542969e-02
2.027726173400878906e-02
2.218914031982421875e-02
2.067518234252929688e-02
2.096796035766601562e-02
2.499198913574218750e-02
2.019214630126953125e-02
1.987051963806152344e-02
2.345085144042968750e-02
2.148580551147460938e-02
2.110171318054199219e-02
2.243614196777343750e-02
2.377176284790039062e-02
2.060246467590332031e-02
2.030611038208007812e-02
2.308750152587890625e-02
1.815915107727050781e-02
1.891231536865234375e-02
1.899361610412597656e-02
1.917958259582519531e-02
2.057409286499023438e-02
1.924300193786621094e-02
2.051544189453125000e-02
2.074790000915527344e-02
2.316284179687500000e-02
1.777768135070800781e-02
1.887845993041992188e-02
1.887774467468261719e-02
2.103424072265625000e-02
2.249670028686523438e-02
1.830625534057617188e-02
1.999354362487792969e-02
1.901268959045410156e-02
1.997137069702148438e-02
1.821827888488769531e-02
2.016520500183105469e-02
2.008676528930664062e-02
2.031660079956054688e-02
1.999974250793457031e-02
1.890563964843750000e-02
1.949954032897949219e-02
2.012658119201660156e-02
2.461552619934082031e-02
2.243852615356445312e-02
1.912236213684082031e-02
2.094435691833496094e-02
1.876258850097656250e-02
2.788138389587402344e-02
2.409601211547851562e-02
2.005815505981445312e-02
2.243351936340332031e-02
1.955103874206542969e-02
1.957178115844726562e-02
1.783823966979980469e-02
2.149868011474609375e-02
1.816153526306152344e-02
2.110695838928222656e-02
2.356553077697753906e-02
1.983594894409179688e-02
1.973938941955566406e-02
2.273893356323242188e-02
1.978421211242675781e-02
2.246689796447753906e-02
1.993346214294433594e-02
1.975893974304199219e-02
1.864337921142578125e-02
2.559065818786621094e-02
1.964807510375976562e-02
1.976418495178222656e-02
1.862907409667968750e-02
1.871466636657714844e-02
2.209758758544921875e-02
1.706480979919433594e-02
1.793646812438964844e-02
1.921749114990234375e-02
1.874136924743652344e-02
1.912832260131835938e-02
2.203011512756347656e-02
2.510333061218261719e-02
1.897168159484863281e-02
1.911616325378417969e-02
1.928091049194335938e-02
1.830959320068359375e-02
2.009057998657226562e-02
2.099704742431640625e-02
1.888418197631835938e-02
2.068829536437988281e-02
1.981759071350097656e-02
1.946997642517089844e-02
1.921463012695312500e-02
2.040553092956542969e-02
2.052688598632812500e-02
2.108454704284667969e-02
1.811838150024414062e-02
2.050423622131347656e-02
1.911711692810058594e-02
3.034114837646484375e-02
2.241444587707519531e-02
2.270555496215820312e-02
1.906108856201171875e-02
1.953816413879394531e-02
1.769375801086425781e-02
1.865363121032714844e-02
1.841497421264648438e-02
1.937413215637207031e-02
1.903986930847167969e-02
1.878333091735839844e-02
2.098345756530761719e-02
2.378821372985839844e-02
1.922464370727539062e-02
1.999902725219726562e-02
1.849651336669921875e-02
2.728199958801269531e-02
2.106475830078125000e-02
2.085065841674804688e-02
2.054095268249511719e-02
1.781177520751953125e-02
2.281832695007324219e-02
2.086758613586425781e-02
1.904273033142089844e-02
1.887154579162597656e-02
1.828837394714355469e-02
1.931262016296386719e-02
1.928997039794921875e-02
1.833701133728027344e-02
1.823973655700683594e-02
1.889014244079589844e-02
1.901483535766601562e-02
1.969218254089355469e-02
1.796722412109375000e-02
1.870965957641601562e-02
1.659560203552246094e-02
2.133870124816894531e-02
1.816725730895996094e-02
1.870822906494140625e-02
2.062582969665527344e-02
2.124714851379394531e-02
1.894426345825195312e-02
1.962542533874511719e-02
1.987195014953613281e-02
2.017569541931152344e-02
2.309989929199218750e-02
1.984238624572753906e-02
2.059149742126464844e-02
2.025151252746582031e-02
1.990294456481933594e-02
2.486538887023925781e-02
2.105379104614257812e-02
2.058148384094238281e-02
1.843953132629394531e-02
1.775312423706054688e-02
2.001166343688964844e-02
1.999115943908691406e-02
1.892971992492675781e-02
1.887226104736328125e-02
1.900815963745117188e-02
1.804375648498535156e-02
2.060627937316894531e-02
2.182865142822265625e-02
1.814055442810058594e-02
1.934289932250976562e-02
2.028226852416992188e-02
2.009272575378417969e-02
1.794171333312988281e-02
1.760363578796386719e-02
1.917648315429687500e-02
1.917505264282226562e-02
1.776623725891113281e-02
1.830291748046875000e-02
1.806473731994628906e-02
1.943492889404296875e-02
1.798987388610839844e-02
1.943969726562500000e-02
1.860928535461425781e-02
1.889467239379882812e-02
1.916027069091796875e-02
1.782727241516113281e-02
2.050089836120605469e-02
1.914334297180175781e-02
1.690721511840820312e-02
1.922178268432617188e-02
1.759243011474609375e-02
1.963543891906738281e-02
1.998138427734375000e-02
1.859259605407714844e-02
1.849365234375000000e-02
1.902413368225097656e-02
1.997494697570800781e-02
2.011346817016601562e-02
2.228260040283203125e-02
2.239489555358886719e-02
2.039122581481933594e-02
2.026462554931640625e-02
2.054357528686523438e-02
1.798439025878906250e-02
1.879906654357910156e-02
1.777696609497070312e-02
1.959681510925292969e-02
2.162528038024902344e-02
1.978778839111328125e-02
1.827478408813476562e-02
1.824259757995605469e-02
1.841425895690917969e-02
1.926779747009277344e-02
1.665782928466796875e-02
1.878237724304199219e-02
1.856398582458496094e-02
2.066421508789062500e-02
1.972007751464843750e-02
1.901483535766601562e-02
1.863574981689453125e-02
1.831960678100585938e-02
1.956367492675781250e-02
2.031707763671875000e-02
1.944398880004882812e-02
1.836466789245605469e-02
1.894807815551757812e-02
1.823234558105468750e-02
