8.300256729125976562e-02
8.408331871032714844e-02
7.331204414367675781e-02
6.898856163024902344e-02
7.946991920471191406e-02
8.144021034240722656e-02
7.863926887512207031e-02
2.816746234893798828e-01
7.539582252502441406e-02
8.456897735595703125e-02
7.966589927673339844e-02
9.132289886474609375e-02
1.089637279510498047e-01
9.754467010498046875e-02
9.948372840881347656e-02
1.045963764190673828e-01
1.000554561614990234e-01
8.961749076843261719e-02
6.500124931335449219e-02
7.844734191894531250e-02
7.240271568298339844e-02
9.031152725219726562e-02
8.186459541320800781e-02
9.214115142822265625e-02
8.358335494995117188e-02
8.750009536743164062e-02
9.447932243347167969e-02
7.897353172302246094e-02
7.814025878906250000e-02
8.109927177429199219e-02
9.169483184814453125e-02
8.055710792541503906e-02
1.127812862396240234e-01
9.273195266723632812e-02
9.201717376708984375e-02
9.076642990112304688e-02
7.726430892944335938e-02
7.273578643798828125e-02
9.334349632263183594e-02
8.723354339599609375e-02
7.477068901062011719e-02
9.258913993835449219e-02
8.029508590698242188e-02
1.035137176513671875e-01
9.423780441284179688e-02
1.161780357360839844e-01
1.091811656951904297e-01
1.107199192047119141e-01
1.145296096801757812e-01
7.674145698547363281e-02
7.658004760742187500e-02
7.519006729125976562e-02
8.544063568115234375e-02
1.136753559112548828e-01
1.050052642822265625e-01
8.598852157592773438e-02
2.902712821960449219e-01
1.065440177917480469e-01
8.141279220581054688e-02
6.971430778503417969e-02
1.019530296325683594e-01
9.700560569763183594e-02
1.144344806671142578e-01
1.009764671325683594e-01
7.340121269226074219e-02
7.086634635925292969e-02
9.252309799194335938e-02
6.764221191406250000e-02
7.892274856567382812e-02
8.972430229187011719e-02
7.676815986633300781e-02
9.490299224853515625e-02
7.641172409057617188e-02
8.700203895568847656e-02
7.079482078552246094e-02
6.163692474365234375e-02
6.233572959899902344e-02
8.575081825256347656e-02
8.746504783630371094e-02
9.929347038269042969e-02
7.962942123413085938e-02
1.010041236877441406e-01
7.365703582763671875e-02
8.459568023681640625e-02
8.627510070800781250e-02
7.195448875427246094e-02
1.437819004058837891e-01
1.145813465118408203e-01
6.461453437805175781e-02
2.007339000701904297e-01
9.146690368652343750e-02
9.296059608459472656e-02
9.653401374816894531e-02
1.122024059295654297e-01
1.221144199371337891e-01
8.324289321899414062e-02
7.142257690429687500e-02
1.153547763824462891e-01
3.337516784667968750e-01
1.103448867797851562e-01
1.215865612030029297e-01
1.117951869964599609e-01
7.548928260803222656e-02
8.362889289855957031e-02
7.404041290283203125e-02
8.271002769470214844e-02
7.232260704040527344e-02
6.953835487365722656e-02
8.507061004638671875e-02
9.006166458129882812e-02
7.416296005249023438e-02
9.510564804077148438e-02
7.974672317504882812e-02
8.881235122680664062e-02
7.450079917907714844e-02
9.915590286254882812e-02
1.280915737152099609e-01
1.222832202911376953e-01
7.349157333374023438e-02
7.593107223510742188e-02
1.036534309387207031e-01
1.054933071136474609e-01
6.676626205444335938e-02
8.455944061279296875e-02
3.192069530487060547e-01
8.243513107299804688e-02
7.733774185180664062e-02
7.104396820068359375e-02
3.212106227874755859e-01
9.178066253662109375e-02
6.793212890625000000e-02
1.035857200622558594e-01
6.556224822998046875e-02
7.356548309326171875e-02
7.318902015686035156e-02
1.043181419372558594e-01
7.814598083496093750e-02
9.601807594299316406e-02
3.326363563537597656e-01
7.445812225341796875e-02
3.441724777221679688e-01
7.938909530639648438e-02
1.019747257232666016e-01
1.164033412933349609e-01
1.282143592834472656e-01
9.726929664611816406e-02
3.375945091247558594e-01
8.637189865112304688e-02
8.180975914001464844e-02
1.162402629852294922e-01
7.987976074218750000e-02
9.474945068359375000e-02
7.821106910705566406e-02
8.405852317810058594e-02
7.143044471740722656e-02
6.867265701293945312e-02
7.549858093261718750e-02
7.603549957275390625e-02
8.093762397766113281e-02
7.604908943176269531e-02
1.170635223388671875e-01
1.167056560516357422e-01
7.090020179748535156e-02
7.702183723449707031e-02
7.144808769226074219e-02
8.684444427490234375e-02
7.525801658630371094e-02
7.525730133056640625e-02
8.437681198120117188e-02
9.991025924682617188e-02
7.029461860656738281e-02
6.034445762634277344e-02
7.872700691223144531e-02
9.996747970581054688e-02
6.758832931518554688e-02
6.995940208435058594e-02
9.190750122070312500e-02
9.961557388305664062e-02
1.047821044921875000e-01
8.386301994323730469e-02
2.840516567230224609e-01
1.169652938842773438e-01
6.909394264221191406e-02
8.613538742065429688e-02
8.300709724426269531e-02
8.497929573059082031e-02
8.383107185363769531e-02
8.014059066772460938e-02
7.881093025207519531e-02
8.106231689453125000e-02
3.292901515960693359e-01
8.488202095031738281e-02
8.727145195007324219e-02
1.085205078125000000e-01
7.966089248657226562e-02
8.465743064880371094e-02
7.688927650451660156e-02
8.531904220581054688e-02
8.556389808654785156e-02
7.253408432006835938e-02
8.004641532897949219e-02
5.705046653747558594e-02
6.398630142211914062e-02
7.073688507080078125e-02
7.454800605773925781e-02
8.531188964843750000e-02
7.235169410705566406e-02
6.859397888183593750e-02
9.615039825439453125e-02
7.752132415771484375e-02
9.475827217102050781e-02
8.434128761291503906e-02
8.794808387756347656e-02
8.048677444458007812e-02
8.896517753601074219e-02
6.474518775939941406e-02
1.048865318298339844e-01
7.657718658447265625e-02
3.170907497406005859e-01
9.852123260498046875e-02
9.012365341186523438e-02
