8.822727203369140625e-02
7.516789436340332031e-02
7.325172424316406250e-02
7.772707939147949219e-02
8.279728889465332031e-02
7.783174514770507812e-02
8.184909820556640625e-02
8.669304847717285156e-02
7.080149650573730469e-02
8.390116691589355469e-02
1.012992858886718750e-01
7.687330245971679688e-02
1.035847663879394531e-01
9.035110473632812500e-02
9.588885307312011719e-02
9.649419784545898438e-02
1.033153533935546875e-01
9.040522575378417969e-02
6.773114204406738281e-02
7.657504081726074219e-02
7.457518577575683594e-02
2.838840484619140625e-01
8.274054527282714844e-02
7.811784744262695312e-02
8.998394012451171875e-02
7.999801635742187500e-02
6.844282150268554688e-02
7.187271118164062500e-02
7.962179183959960938e-02
7.542324066162109375e-02
9.359240531921386719e-02
7.451915740966796875e-02
1.183645725250244141e-01
8.965396881103515625e-02
9.034800529479980469e-02
7.629632949829101562e-02
2.871308326721191406e-01
7.280087471008300781e-02
8.860063552856445312e-02
2.823066711425781250e-01
1.273188591003417969e-01
8.055496215820312500e-02
7.376766204833984375e-02
1.111769676208496094e-01
9.920597076416015625e-02
1.176710128784179688e-01
1.213018894195556641e-01
1.167926788330078125e-01
1.234319210052490234e-01
7.656216621398925781e-02
8.096981048583984375e-02
7.586407661437988281e-02
7.479858398437500000e-02
1.287167072296142578e-01
3.609428405761718750e-01
8.086133003234863281e-02
8.442687988281250000e-02
1.100504398345947266e-01
7.612943649291992188e-02
7.211112976074218750e-02
9.933400154113769531e-02
1.049902439117431641e-01
1.010165214538574219e-01
1.110682487487792969e-01
7.588958740234375000e-02
6.984877586364746094e-02
9.277653694152832031e-02
7.174038887023925781e-02
8.785986900329589844e-02
9.576725959777832031e-02
8.155608177185058594e-02
9.308695793151855469e-02
8.001494407653808594e-02
8.168792724609375000e-02
7.416534423828125000e-02
5.412030220031738281e-02
6.428790092468261719e-02
2.940936088562011719e-01
8.521795272827148438e-02
9.237813949584960938e-02
8.767580986022949219e-02
1.056945323944091797e-01
6.632709503173828125e-02
2.941839694976806641e-01
9.418964385986328125e-02
7.983183860778808594e-02
8.648180961608886719e-02
1.009023189544677734e-01
6.509184837341308594e-02
1.133174896240234375e-01
9.463071823120117188e-02
8.511781692504882812e-02
8.523082733154296875e-02
1.114943027496337891e-01
1.265318393707275391e-01
8.844351768493652344e-02
7.252359390258789062e-02
1.096076965332031250e-01
8.315348625183105469e-02
1.105964183807373047e-01
1.019103527069091797e-01
1.331040859222412109e-01
8.184432983398437500e-02
8.108425140380859375e-02
3.167338371276855469e-01
7.491397857666015625e-02
7.723569869995117188e-02
7.524681091308593750e-02
7.033753395080566406e-02
9.222030639648437500e-02
8.086276054382324219e-02
8.658647537231445312e-02
9.210872650146484375e-02
9.169626235961914062e-02
6.896471977233886719e-02
3.404202461242675781e-01
1.140990257263183594e-01
1.151990890502929688e-01
7.701754570007324219e-02
6.616568565368652344e-02
9.679532051086425781e-02
8.190107345581054688e-02
7.421660423278808594e-02
7.848072052001953125e-02
7.161188125610351562e-02
8.215951919555664062e-02
8.048677444458007812e-02
7.642602920532226562e-02
7.127642631530761719e-02
6.592249870300292969e-02
6.989765167236328125e-02
1.247920989990234375e-01
7.444977760314941406e-02
7.660984992980957031e-02
7.557821273803710938e-02
1.109573841094970703e-01
6.803655624389648438e-02
9.302496910095214844e-02
6.833267211914062500e-02
8.472776412963867188e-02
9.174823760986328125e-02
8.154153823852539062e-02
1.019582748413085938e-01
1.198329925537109375e-01
1.248488426208496094e-01
9.479641914367675781e-02
8.804559707641601562e-02
8.225178718566894531e-02
6.887125968933105469e-02
1.082625389099121094e-01
8.164358139038085938e-02
9.776353836059570312e-02
7.419538497924804688e-02
7.388854026794433594e-02
6.333637237548828125e-02
6.052947044372558594e-02
8.092784881591796875e-02
7.435989379882812500e-02
8.155322074890136719e-02
7.548427581787109375e-02
1.224226951599121094e-01
1.118531227111816406e-01
7.682299613952636719e-02
7.813262939453125000e-02
7.190275192260742188e-02
8.209061622619628906e-02
8.554196357727050781e-02
7.241368293762207031e-02
8.157658576965332031e-02
1.008875370025634766e-01
7.782578468322753906e-02
5.366158485412597656e-02
6.486654281616210938e-02
9.379482269287109375e-02
7.599115371704101562e-02
7.428979873657226562e-02
8.164882659912109375e-02
8.833384513854980469e-02
1.019880771636962891e-01
9.100461006164550781e-02
8.235573768615722656e-02
1.147525310516357422e-01
7.140588760375976562e-02
7.781267166137695312e-02
8.154320716857910156e-02
7.966041564941406250e-02
8.579206466674804688e-02
7.432413101196289062e-02
8.341979980468750000e-02
3.332860469818115234e-01
9.158277511596679688e-02
3.374001979827880859e-01
8.734178543090820312e-02
1.012029647827148438e-01
3.320305347442626953e-01
7.903695106506347656e-02
9.543609619140625000e-02
7.793354988098144531e-02
7.727575302124023438e-02
6.868553161621093750e-02
7.654738426208496094e-02
5.749130249023437500e-02
7.415437698364257812e-02
8.288049697875976562e-02
7.908153533935546875e-02
8.467721939086914062e-02
7.013893127441406250e-02
7.084393501281738281e-02
8.906841278076171875e-02
7.365846633911132812e-02
9.290099143981933594e-02
7.707643508911132812e-02
7.226467132568359375e-02
8.449053764343261719e-02
8.424925804138183594e-02
6.233692169189453125e-02
9.498429298400878906e-02
7.294893264770507812e-02
6.845879554748535156e-02
8.174085617065429688e-02
8.931827545166015625e-02
