2.304053306579589844e-01
1.643147468566894531e-01
1.403355598449707031e-01
1.477987766265869141e-01
2.181816101074218750e-01
1.609082221984863281e-01
1.557288169860839844e-01
1.961975097656250000e-01
1.522483825683593750e-01
1.762099266052246094e-01
2.156836986541748047e-01
1.610600948333740234e-01
1.955544948577880859e-01
2.358665466308593750e-01
1.974163055419921875e-01
2.394707202911376953e-01
2.109680175781250000e-01
1.752481460571289062e-01
1.834461688995361328e-01
1.602694988250732422e-01
1.485152244567871094e-01
1.726953983306884766e-01
2.244291305541992188e-01
1.666004657745361328e-01
1.746251583099365234e-01
2.168555259704589844e-01
1.423227787017822266e-01
1.597442626953125000e-01
1.861932277679443359e-01
1.561689376831054688e-01
1.971812248229980469e-01
1.950685977935791016e-01
2.467775344848632812e-01
2.189676761627197266e-01
1.706008911132812500e-01
1.616663932800292969e-01
1.586968898773193359e-01
1.872467994689941406e-01
2.000031471252441406e-01
1.959283351898193359e-01
1.510722637176513672e-01
1.717617511749267578e-01
1.598470211029052734e-01
2.487978935241699219e-01
2.054893970489501953e-01
2.701196670532226562e-01
2.417023181915283203e-01
3.267195224761962891e-01
2.443029880523681641e-01
1.576957702636718750e-01
2.062561511993408203e-01
1.727077960968017578e-01
1.654264926910400391e-01
2.690992355346679688e-01
2.038311958312988281e-01
2.095329761505126953e-01
1.732177734375000000e-01
2.174146175384521484e-01
1.993966102600097656e-01
1.513831615447998047e-01
2.271270751953125000e-01
2.275643348693847656e-01
2.131648063659667969e-01
2.454094886779785156e-01
1.547839641571044922e-01
1.395990848541259766e-01
2.666618824005126953e-01
1.416447162628173828e-01
1.658203601837158203e-01
2.371459007263183594e-01
1.452481746673583984e-01
1.848459243774414062e-01
2.009875774383544922e-01
1.444370746612548828e-01
1.523642539978027344e-01
1.215271949768066406e-01
1.766564846038818359e-01
1.580057144165039062e-01
1.764395236968994141e-01
2.268216609954833984e-01
1.708121299743652344e-01
2.307190895080566406e-01
1.628541946411132812e-01
1.849429607391357422e-01
1.908981800079345703e-01
1.824986934661865234e-01
1.860682964324951172e-01
2.276682853698730469e-01
1.585373878479003906e-01
2.174906730651855469e-01
2.235460281372070312e-01
1.683008670806884766e-01
1.979951858520507812e-01
2.811088562011718750e-01
2.197573184967041016e-01
2.093024253845214844e-01
1.427812576293945312e-01
2.182667255401611328e-01
2.169837951660156250e-01
2.277021408081054688e-01
2.756719589233398438e-01
2.246272563934326172e-01
1.834607124328613281e-01
2.186172008514404297e-01
1.381089687347412109e-01
1.581277847290039062e-01
2.059974670410156250e-01
1.503679752349853516e-01
1.509971618652343750e-01
2.063424587249755859e-01
1.882224082946777344e-01
1.903057098388671875e-01
1.787292957305908203e-01
2.007627487182617188e-01
1.686332225799560547e-01
1.898949146270751953e-01
2.652931213378906250e-01
2.211532592773437500e-01
1.849858760833740234e-01
1.565303802490234375e-01
2.071814537048339844e-01
2.155609130859375000e-01
1.441531181335449219e-01
1.681962013244628906e-01
1.889886856079101562e-01
1.679568290710449219e-01
1.487429141998291016e-01
1.402423381805419922e-01
1.812877655029296875e-01
1.434245109558105469e-01
1.326143741607666016e-01
2.522425651550292969e-01
1.440339088439941406e-01
1.396799087524414062e-01
1.859974861145019531e-01
2.350986003875732422e-01
1.308102607727050781e-01
2.488825321197509766e-01
1.440083980560302734e-01
1.643533706665039062e-01
2.173106670379638672e-01
1.655604839324951172e-01
2.019796371459960938e-01
2.910447120666503906e-01
2.286217212677001953e-01
2.216327190399169922e-01
1.831355094909667969e-01
1.786620616912841797e-01
1.867763996124267578e-01
2.390804290771484375e-01
1.875212192535400391e-01
2.341032028198242188e-01
1.517102718353271484e-01
1.916127204895019531e-01
1.436073780059814453e-01
1.386153697967529297e-01
1.719899177551269531e-01
1.944375038146972656e-01
1.644687652587890625e-01
1.672949790954589844e-01
2.663176059722900391e-01
2.390503883361816406e-01
1.557743549346923828e-01
1.969125270843505859e-01
1.528282165527343750e-01
1.802210807800292969e-01
1.888318061828613281e-01
1.387817859649658203e-01
1.670770645141601562e-01
2.494399547576904297e-01
1.459581851959228516e-01
1.167783737182617188e-01
1.805484294891357422e-01
1.914708614349365234e-01
1.551592350006103516e-01
1.305563449859619141e-01
2.005748748779296875e-01
1.919806003570556641e-01
2.639884948730468750e-01
1.620509624481201172e-01
1.836318969726562500e-01
2.594792842864990234e-01
1.241428852081298828e-01
1.606957912445068359e-01
2.300333976745605469e-01
1.587457656860351562e-01
1.927568912506103516e-01
1.978530883789062500e-01
1.829748153686523438e-01
1.591024398803710938e-01
2.045199871063232422e-01
1.627924442291259766e-01
1.850483417510986328e-01
2.486937046051025391e-01
1.671485900878906250e-01
1.740355491638183594e-01
1.945569515228271484e-01
1.695041656494140625e-01
2.075951099395751953e-01
1.529674530029296875e-01
2.031192779541015625e-01
1.390686035156250000e-01
1.425449848175048828e-01
1.792845726013183594e-01
1.519472599029541016e-01
2.000901699066162109e-01
1.500909328460693359e-01
1.928272247314453125e-01
1.925480365753173828e-01
1.565039157867431641e-01
2.420737743377685547e-01
1.639099121093750000e-01
1.523430347442626953e-01
2.141077518463134766e-01
2.090508937835693359e-01
1.503427028656005859e-01
2.354538440704345703e-01
1.548557281494140625e-01
1.370651721954345703e-01
2.105057239532470703e-01
2.013683319091796875e-01
