1.336112022399902344e-01
1.164419651031494141e-01
7.732868194580078125e-02
7.142758369445800781e-02
7.839655876159667969e-02
8.286905288696289062e-02
8.111619949340820312e-02
8.381009101867675781e-02
6.989717483520507812e-02
7.851338386535644531e-02
3.335380554199218750e-01
7.792711257934570312e-02
3.085415363311767578e-01
9.174680709838867188e-02
1.012365818023681641e-01
1.029915809631347656e-01
3.424198627471923828e-01
8.156132698059082031e-02
7.490205764770507812e-02
8.608365058898925781e-02
7.165527343750000000e-02
9.310913085937500000e-02
8.016729354858398438e-02
8.286571502685546875e-02
8.688521385192871094e-02
8.334302902221679688e-02
7.761573791503906250e-02
2.706730365753173828e-01
8.192777633666992188e-02
8.189392089843750000e-02
9.698700904846191406e-02
8.306884765625000000e-02
1.172416210174560547e-01
8.239984512329101562e-02
9.288287162780761719e-02
7.429838180541992188e-02
8.870172500610351562e-02
7.238936424255371094e-02
9.136438369750976562e-02
8.661365509033203125e-02
8.790421485900878906e-02
8.953118324279785156e-02
8.243870735168457031e-02
1.135265827178955078e-01
9.623932838439941406e-02
1.137826442718505859e-01
1.333339214324951172e-01
1.077411174774169922e-01
1.181492805480957031e-01
8.259439468383789062e-02
8.093237876892089844e-02
8.317446708679199219e-02
8.421730995178222656e-02
1.136391162872314453e-01
9.828162193298339844e-02
8.214879035949707031e-02
8.144283294677734375e-02
1.371595859527587891e-01
7.538795471191406250e-02
8.078169822692871094e-02
1.092174053192138672e-01
1.056554317474365234e-01
1.198334693908691406e-01
1.039319038391113281e-01
6.947374343872070312e-02
7.272768020629882812e-02
9.820556640625000000e-02
6.780695915222167969e-02
8.778357505798339844e-02
1.062180995941162109e-01
7.598972320556640625e-02
8.699440956115722656e-02
7.375121116638183594e-02
8.183145523071289062e-02
7.222890853881835938e-02
6.277966499328613281e-02
6.728625297546386719e-02
8.160114288330078125e-02
1.063640117645263672e-01
9.456562995910644531e-02
7.584571838378906250e-02
1.008622646331787109e-01
7.067251205444335938e-02
9.552454948425292969e-02
8.827352523803710938e-02
8.168625831604003906e-02
9.624314308166503906e-02
1.175692081451416016e-01
6.069374084472656250e-02
1.238951683044433594e-01
9.420371055603027344e-02
8.137822151184082031e-02
8.576703071594238281e-02
1.220002174377441406e-01
1.140468120574951172e-01
8.825206756591796875e-02
8.048367500305175781e-02
1.235356330871582031e-01
9.681749343872070312e-02
1.155867576599121094e-01
1.094148159027099609e-01
1.178586483001708984e-01
8.070421218872070312e-02
8.035016059875488281e-02
7.710766792297363281e-02
7.944631576538085938e-02
7.483530044555664062e-02
7.024717330932617188e-02
6.898427009582519531e-02
9.030723571777343750e-02
8.311200141906738281e-02
8.618521690368652344e-02
9.711956977844238281e-02
3.323609828948974609e-01
7.398033142089843750e-02
1.027030944824218750e-01
1.185464859008789062e-01
3.119008541107177734e-01
6.857848167419433594e-02
6.799173355102539062e-02
9.610557556152343750e-02
8.385467529296875000e-02
7.048273086547851562e-02
7.450318336486816406e-02
7.200646400451660156e-02
7.855939865112304688e-02
7.673096656799316406e-02
6.928777694702148438e-02
6.819558143615722656e-02
7.327675819396972656e-02
7.798171043395996094e-02
1.046864986419677734e-01
7.151532173156738281e-02
8.303928375244140625e-02
7.271766662597656250e-02
1.100468635559082031e-01
8.405828475952148438e-02
1.061286926269531250e-01
6.973910331726074219e-02
8.850193023681640625e-02
8.531999588012695312e-02
8.007383346557617188e-02
1.073408126831054688e-01
1.098308563232421875e-01
1.247580051422119141e-01
8.986234664916992188e-02
8.414649963378906250e-02
8.533334732055664062e-02
8.720970153808593750e-02
1.149952411651611328e-01
7.961535453796386719e-02
9.922266006469726562e-02
7.884144783020019531e-02
7.584095001220703125e-02
7.291054725646972656e-02
6.332087516784667969e-02
7.898831367492675781e-02
8.457636833190917969e-02
7.540822029113769531e-02
9.434413909912109375e-02
1.158111095428466797e-01
1.278541088104248047e-01
7.745337486267089844e-02
8.617401123046875000e-02
8.317422866821289062e-02
8.379125595092773438e-02
7.589769363403320312e-02
7.266569137573242188e-02
9.059572219848632812e-02
9.839749336242675781e-02
3.153703212738037109e-01
5.448794364929199219e-02
6.624054908752441406e-02
8.917880058288574219e-02
8.054971694946289062e-02
6.272482872009277344e-02
7.692432403564453125e-02
9.489870071411132812e-02
1.141085624694824219e-01
8.029627799987792969e-02
8.817005157470703125e-02
1.104757785797119141e-01
6.280231475830078125e-02
8.033776283264160156e-02
7.799959182739257812e-02
7.708096504211425781e-02
8.189463615417480469e-02
7.106256484985351562e-02
8.000230789184570312e-02
8.558177947998046875e-02
7.387852668762207031e-02
8.725380897521972656e-02
8.207869529724121094e-02
1.048705577850341797e-01
8.900904655456542969e-02
8.883047103881835938e-02
7.231974601745605469e-02
7.835030555725097656e-02
7.506108283996582031e-02
6.831836700439453125e-02
9.148740768432617188e-02
6.566190719604492188e-02
6.833362579345703125e-02
7.321333885192871094e-02
7.691454887390136719e-02
9.022951126098632812e-02
6.772327423095703125e-02
6.913590431213378906e-02
9.276938438415527344e-02
7.247161865234375000e-02
9.470534324645996094e-02
8.967304229736328125e-02
7.651257514953613281e-02
8.663916587829589844e-02
9.378194808959960938e-02
6.025457382202148438e-02
9.846758842468261719e-02
8.431005477905273438e-02
6.673264503479003906e-02
8.243536949157714844e-02
8.261108398437500000e-02
