7.942152023315429688e-02
7.016110420227050781e-02
7.411885261535644531e-02
7.896471023559570312e-02
8.130741119384765625e-02
9.664916992187500000e-02
9.442734718322753906e-02
8.589839935302734375e-02
6.869363784790039062e-02
8.782219886779785156e-02
8.661508560180664062e-02
9.540748596191406250e-02
1.172266006469726562e-01
1.131789684295654297e-01
9.527921676635742188e-02
9.675383567810058594e-02
9.708118438720703125e-02
8.565592765808105469e-02
7.885169982910156250e-02
7.281708717346191406e-02
7.534742355346679688e-02
8.733725547790527344e-02
8.471584320068359375e-02
8.944797515869140625e-02
1.097643375396728516e-01
7.958102226257324219e-02
6.840157508850097656e-02
7.370376586914062500e-02
7.206797599792480469e-02
7.591629028320312500e-02
9.285163879394531250e-02
7.461881637573242188e-02
1.104187965393066406e-01
9.337115287780761719e-02
3.337984085083007812e-01
7.560443878173828125e-02
7.943868637084960938e-02
7.294392585754394531e-02
3.405914306640625000e-01
7.598924636840820312e-02
7.621026039123535156e-02
7.880926132202148438e-02
7.250809669494628906e-02
9.737825393676757812e-02
9.263443946838378906e-02
1.091113090515136719e-01
1.141331195831298828e-01
1.157059669494628906e-01
1.147065162658691406e-01
7.367658615112304688e-02
7.590627670288085938e-02
7.815790176391601562e-02
7.931685447692871094e-02
1.098201274871826172e-01
1.028113365173339844e-01
8.050918579101562500e-02
7.889318466186523438e-02
1.159348487854003906e-01
8.261299133300781250e-02
6.808686256408691406e-02
1.047866344451904297e-01
1.053407192230224609e-01
1.065955162048339844e-01
9.948945045471191406e-02
7.455945014953613281e-02
6.791496276855468750e-02
1.015498638153076172e-01
6.190729141235351562e-02
8.361315727233886719e-02
1.009924411773681641e-01
7.366919517517089844e-02
9.318232536315917969e-02
7.860469818115234375e-02
7.299232482910156250e-02
7.773613929748535156e-02
5.839586257934570312e-02
6.354999542236328125e-02
8.532643318176269531e-02
9.479427337646484375e-02
1.031098365783691406e-01
8.833074569702148438e-02
1.139967441558837891e-01
6.989502906799316406e-02
8.931398391723632812e-02
8.819007873535156250e-02
2.825353145599365234e-01
8.600711822509765625e-02
1.070060729980468750e-01
6.902694702148437500e-02
1.109549999237060547e-01
8.882737159729003906e-02
3.361043930053710938e-01
9.870004653930664062e-02
1.160430908203125000e-01
1.053428649902343750e-01
8.049464225769042969e-02
6.763005256652832031e-02
1.037850379943847656e-01
8.064460754394531250e-02
1.111419200897216797e-01
1.034672260284423828e-01
1.130759716033935547e-01
7.348561286926269531e-02
9.074664115905761719e-02
7.501411437988281250e-02
8.176445960998535156e-02
7.451844215393066406e-02
7.178640365600585938e-02
7.116842269897460938e-02
8.735108375549316406e-02
8.354377746582031250e-02
9.163236618041992188e-02
7.790279388427734375e-02
9.564542770385742188e-02
7.037806510925292969e-02
3.507714271545410156e-01
1.099779605865478516e-01
1.150784492492675781e-01
7.767558097839355469e-02
7.940888404846191406e-02
1.044042110443115234e-01
8.396458625793457031e-02
7.864975929260253906e-02
8.292055130004882812e-02
8.226871490478515625e-02
8.233165740966796875e-02
7.419323921203613281e-02
7.284474372863769531e-02
6.909942626953125000e-02
6.809473037719726562e-02
6.041407585144042969e-02
1.082763671875000000e-01
7.174611091613769531e-02
8.118081092834472656e-02
6.979322433471679688e-02
1.201815605163574219e-01
7.613062858581542969e-02
1.073949337005615234e-01
7.359552383422851562e-02
8.028697967529296875e-02
9.327101707458496094e-02
8.829760551452636719e-02
1.124205589294433594e-01
1.169817447662353516e-01
1.250011920928955078e-01
8.803796768188476562e-02
8.314275741577148438e-02
8.190917968750000000e-02
7.068276405334472656e-02
1.046109199523925781e-01
7.878994941711425781e-02
9.791684150695800781e-02
7.224321365356445312e-02
8.496284484863281250e-02
7.412385940551757812e-02
6.729149818420410156e-02
8.323574066162109375e-02
7.766056060791015625e-02
7.721614837646484375e-02
8.147430419921875000e-02
1.114721298217773438e-01
1.043152809143066406e-01
6.919598579406738281e-02
7.545852661132812500e-02
6.907415390014648438e-02
8.721780776977539062e-02
7.744431495666503906e-02
7.353591918945312500e-02
3.067343235015869141e-01
1.017739772796630859e-01
8.276367187500000000e-02
5.477690696716308594e-02
7.321906089782714844e-02
9.770822525024414062e-02
7.310104370117187500e-02
7.455825805664062500e-02
8.269214630126953125e-02
1.096360683441162109e-01
1.034512519836425781e-01
9.310221672058105469e-02
8.175802230834960938e-02
1.069736480712890625e-01
5.585861206054687500e-02
8.820724487304687500e-02
8.387351036071777344e-02
7.884383201599121094e-02
8.443474769592285156e-02
8.023381233215332031e-02
7.946658134460449219e-02
9.046816825866699219e-02
8.388280868530273438e-02
9.944272041320800781e-02
8.003449440002441406e-02
9.348225593566894531e-02
7.947564125061035156e-02
8.025598526000976562e-02
7.683277130126953125e-02
8.434748649597167969e-02
9.151148796081542969e-02
6.399154663085937500e-02
8.823251724243164062e-02
5.775022506713867188e-02
8.026409149169921875e-02
6.255769729614257812e-02
8.552646636962890625e-02
8.222317695617675781e-02
7.217478752136230469e-02
7.088279724121093750e-02
8.286643028259277344e-02
7.103991508483886719e-02
3.475127220153808594e-01
8.486890792846679688e-02
7.420754432678222656e-02
8.133363723754882812e-02
8.539605140686035156e-02
6.865859031677246094e-02
3.387691974639892578e-01
8.232378959655761719e-02
7.125234603881835938e-02
3.342111110687255859e-01
8.273696899414062500e-02
