1.910033226013183594e-01
2.148399353027343750e-01
1.629767417907714844e-01
1.655380725860595703e-01
1.821424961090087891e-01
2.180206775665283203e-01
1.907730102539062500e-01
1.838855743408203125e-01
1.905088424682617188e-01
1.762368679046630859e-01
2.006053924560546875e-01
2.205190658569335938e-01
2.053568363189697266e-01
2.402970790863037109e-01
2.082026004791259766e-01
2.098896503448486328e-01
2.487909793853759766e-01
2.006111145019531250e-01
1.513390541076660156e-01
1.964495182037353516e-01
1.589813232421875000e-01
2.069730758666992188e-01
2.140402793884277344e-01
1.826629638671875000e-01
1.945333480834960938e-01
2.194766998291015625e-01
1.674532890319824219e-01
1.599032878875732422e-01
1.978421211242675781e-01
1.624026298522949219e-01
2.096285820007324219e-01
2.039465904235839844e-01
2.446875572204589844e-01
1.839628219604492188e-01
2.333710193634033203e-01
1.673686504364013672e-01
1.690969467163085938e-01
1.984603404998779297e-01
2.166767120361328125e-01
1.899070739746093750e-01
2.145199775695800781e-01
1.863152980804443359e-01
1.720244884490966797e-01
2.878575325012207031e-01
2.120535373687744141e-01
2.883522510528564453e-01
2.512192726135253906e-01
2.772510051727294922e-01
2.381782531738281250e-01
2.106912136077880859e-01
1.680526733398437500e-01
1.712746620178222656e-01
2.280168533325195312e-01
2.217161655426025391e-01
2.296743392944335938e-01
2.153086662292480469e-01
1.905291080474853516e-01
3.153474330902099609e-01
1.741309165954589844e-01
1.550264358520507812e-01
2.913584709167480469e-01
2.129175662994384766e-01
2.371149063110351562e-01
2.603378295898437500e-01
1.698672771453857422e-01
1.503179073333740234e-01
2.316086292266845703e-01
1.598410606384277344e-01
1.843047142028808594e-01
2.484257221221923828e-01
1.499893665313720703e-01
2.501826286315917969e-01
1.777911186218261719e-01
1.596589088439941406e-01
1.711974143981933594e-01
1.627681255340576172e-01
1.413362026214599609e-01
1.607332229614257812e-01
2.430617809295654297e-01
2.157213687896728516e-01
1.682045459747314453e-01
2.928969860076904297e-01
1.524417400360107422e-01
1.986656188964843750e-01
2.518346309661865234e-01
1.706440448760986328e-01
1.959557533264160156e-01
2.693176269531250000e-01
1.381728649139404297e-01
2.991516590118408203e-01
2.089865207672119141e-01
1.974346637725830078e-01
2.364125251770019531e-01
2.555193901062011719e-01
2.715740203857421875e-01
1.961371898651123047e-01
1.472074985504150391e-01
2.690970897674560547e-01
2.110264301300048828e-01
2.818930149078369141e-01
2.609012126922607422e-01
2.889881134033203125e-01
1.626012325286865234e-01
2.009010314941406250e-01
1.919746398925781250e-01
1.619420051574707031e-01
1.764936447143554688e-01
1.735174655914306641e-01
2.151272296905517578e-01
2.148346900939941406e-01
1.910707950592041016e-01
2.181684970855712891e-01
1.837911605834960938e-01
1.854448318481445312e-01
2.038619518280029297e-01
1.985795497894287109e-01
2.881324291229248047e-01
2.553200721740722656e-01
1.708290576934814453e-01
1.820881366729736328e-01
2.175364494323730469e-01
1.774597167968750000e-01
1.963164806365966797e-01
1.877777576446533203e-01
1.650791168212890625e-01
2.197122573852539062e-01
1.551852226257324219e-01
1.627500057220458984e-01
1.999478340148925781e-01
1.680161952972412109e-01
1.433408260345458984e-01
2.706274986267089844e-01
1.597092151641845703e-01
1.710479259490966797e-01
1.460330486297607422e-01
2.630751132965087891e-01
1.712534427642822266e-01
2.424447536468505859e-01
1.828858852386474609e-01
1.724457740783691406e-01
2.144336700439453125e-01
1.882872581481933594e-01
2.192435264587402344e-01
2.964658737182617188e-01
2.496974468231201172e-01
2.501316070556640625e-01
2.083730697631835938e-01
2.035830020904541016e-01
2.120327949523925781e-01
2.571859359741210938e-01
2.178175449371337891e-01
2.126348018646240234e-01
1.772353649139404297e-01
2.150123119354248047e-01
1.585416793823242188e-01
1.626155376434326172e-01
1.828441619873046875e-01
2.159404754638671875e-01
1.748881340026855469e-01
1.661503314971923828e-01
2.857410907745361328e-01
2.509622573852539062e-01
2.067360877990722656e-01
1.667828559875488281e-01
1.735267639160156250e-01
2.219028472900390625e-01
1.666300296783447266e-01
1.600697040557861328e-01
1.954865455627441406e-01
2.878777980804443359e-01
1.522216796875000000e-01
1.539118289947509766e-01
1.872038841247558594e-01
2.271082401275634766e-01
1.616151332855224609e-01
1.747345924377441406e-01
1.762516498565673828e-01
2.173194885253906250e-01
2.589130401611328125e-01
1.872515678405761719e-01
1.715786457061767578e-01
2.701454162597656250e-01
1.411731243133544922e-01
2.191002368927001953e-01
1.738789081573486328e-01
1.760251522064208984e-01
2.237753868103027344e-01
1.568589210510253906e-01
1.866514682769775391e-01
1.838202476501464844e-01
2.072813510894775391e-01
1.945900917053222656e-01
2.259008884429931641e-01
2.300343513488769531e-01
1.849133968353271484e-01
2.215075492858886719e-01
1.558289527893066406e-01
1.855485439300537109e-01
2.247471809387207031e-01
1.416144371032714844e-01
1.878151893615722656e-01
1.495749950408935547e-01
1.879596710205078125e-01
1.488730907440185547e-01
1.715691089630126953e-01
2.160468101501464844e-01
1.652524471282958984e-01
1.432652473449707031e-01
1.985218524932861328e-01
1.889433860778808594e-01
1.905148029327392578e-01
2.088134288787841797e-01
1.643903255462646484e-01
1.724956035614013672e-01
2.303748130798339844e-01
1.368551254272460938e-01
2.019348144531250000e-01
1.661472320556640625e-01
1.856873035430908203e-01
1.954803466796875000e-01
2.038681507110595703e-01
