1.900315284729003906e-02
6.278777122497558594e-02
1.034975051879882812e-02
1.125168800354003906e-02
1.085209846496582031e-02
1.552605628967285156e-02
1.190137863159179688e-02
1.146888732910156250e-02
1.102161407470703125e-02
1.204323768615722656e-02
1.112461090087890625e-02
1.130652427673339844e-02
1.333069801330566406e-02
1.311326026916503906e-02
1.096200942993164062e-02
1.213741302490234375e-02
1.107692718505859375e-02
1.174998283386230469e-02
1.469326019287109375e-02
1.060152053833007812e-02
1.045417785644531250e-02
1.144313812255859375e-02
1.153492927551269531e-02
1.180791854858398438e-02
1.055788993835449219e-02
1.227974891662597656e-02
1.097798347473144531e-02
1.188588142395019531e-02
1.065111160278320312e-02
1.205539703369140625e-02
1.170754432678222656e-02
1.125407218933105469e-02
1.260733604431152344e-02
1.296496391296386719e-02
1.129555702209472656e-02
1.220846176147460938e-02
1.062464714050292969e-02
1.354622840881347656e-02
1.083230972290039062e-02
1.192712783813476562e-02
1.047849655151367188e-02
1.151394844055175781e-02
1.110196113586425781e-02
1.260113716125488281e-02
1.186275482177734375e-02
1.428103446960449219e-02
1.239275932312011719e-02
2.051210403442382812e-02
1.425576210021972656e-02
1.618695259094238281e-02
1.077771186828613281e-02
1.067781448364257812e-02
1.093029975891113281e-02
1.453447341918945312e-02
1.080727577209472656e-02
1.154279708862304688e-02
1.099610328674316406e-02
1.258730888366699219e-02
1.254177093505859375e-02
1.103878021240234375e-02
1.160097122192382812e-02
1.161646842956542969e-02
1.770758628845214844e-02
1.248168945312500000e-02
1.052141189575195312e-02
1.191759109497070312e-02
1.633787155151367188e-02
9.684085845947265625e-03
1.093411445617675781e-02
1.203632354736328125e-02
1.019120216369628906e-02
1.154208183288574219e-02
1.116323471069335938e-02
1.220393180847167969e-02
1.005768775939941406e-02
1.034498214721679688e-02
1.224136352539062500e-02
1.178574562072753906e-02
1.186370849609375000e-02
1.204085350036621094e-02
1.350283622741699219e-02
1.377320289611816406e-02
9.162425994873046875e-03
1.727771759033203125e-02
1.120114326477050781e-02
1.219654083251953125e-02
1.096796989440917969e-02
1.281881332397460938e-02
8.949995040893554688e-03
1.278567314147949219e-02
1.094603538513183594e-02
1.610469818115234375e-02
1.260542869567871094e-02
1.227259635925292969e-02
1.442241668701171875e-02
1.125574111938476562e-02
1.027488708496093750e-02
1.365089416503906250e-02
1.081204414367675781e-02
1.851272583007812500e-02
1.447296142578125000e-02
1.246380805969238281e-02
1.112556457519531250e-02
1.164937019348144531e-02
9.658575057983398438e-03
1.099205017089843750e-02
1.075530052185058594e-02
1.099824905395507812e-02
1.085114479064941406e-02
1.188230514526367188e-02
1.024532318115234375e-02
1.133036613464355469e-02
1.100611686706542969e-02
1.141738891601562500e-02
1.423883438110351562e-02
1.464533805847167969e-02
1.224088668823242188e-02
1.213026046752929688e-02
1.001048088073730469e-02
1.088213920593261719e-02
1.163578033447265625e-02
1.404929161071777344e-02
1.028776168823242188e-02
1.208591461181640625e-02
1.336717605590820312e-02
1.105999946594238281e-02
1.406955718994140625e-02
1.424574851989746094e-02
9.744167327880859375e-03
1.254034042358398438e-02
1.157546043395996094e-02
1.965451240539550781e-02
1.073288917541503906e-02
1.120233535766601562e-02
1.101660728454589844e-02
1.354336738586425781e-02
1.051020622253417969e-02
1.223850250244140625e-02
1.022672653198242188e-02
1.231813430786132812e-02
1.061487197875976562e-02
1.121568679809570312e-02
1.148915290832519531e-02
1.247668266296386719e-02
1.223587989807128906e-02
1.252365112304687500e-02
1.070857048034667969e-02
1.515102386474609375e-02
1.031064987182617188e-02
1.396799087524414062e-02
1.076173782348632812e-02
1.220893859863281250e-02
1.169753074645996094e-02
1.127600669860839844e-02
9.815931320190429688e-03
1.000142097473144531e-02
1.097702980041503906e-02
1.160550117492675781e-02
1.103615760803222656e-02
1.102805137634277344e-02
1.189184188842773438e-02
1.292681694030761719e-02
1.052474975585937500e-02
1.156663894653320312e-02
1.031589508056640625e-02
1.367521286010742188e-02
1.498651504516601562e-02
1.097178459167480469e-02
1.044821739196777344e-02
1.269698143005371094e-02
1.017785072326660156e-02
9.908437728881835938e-03
1.062631607055664062e-02
1.233291625976562500e-02
1.208877563476562500e-02
1.085567474365234375e-02
1.085138320922851562e-02
1.183462142944335938e-02
1.160335540771484375e-02
1.127862930297851562e-02
1.331996917724609375e-02
1.408076286315917969e-02
1.020669937133789062e-02
1.154541969299316406e-02
1.428604125976562500e-02
1.611518859863281250e-02
1.184582710266113281e-02
1.086139678955078125e-02
1.084303855895996094e-02
1.744246482849121094e-02
1.079940795898437500e-02
1.186156272888183594e-02
1.125526428222656250e-02
1.298975944519042969e-02
1.057028770446777344e-02
1.110005378723144531e-02
1.081299781799316406e-02
1.356887817382812500e-02
1.254415512084960938e-02
1.175117492675781250e-02
1.647162437438964844e-02
1.084232330322265625e-02
9.810686111450195312e-03
1.095747947692871094e-02
1.068258285522460938e-02
1.108980178833007812e-02
1.444530487060546875e-02
1.942491531372070312e-02
1.120495796203613281e-02
1.482987403869628906e-02
1.189899444580078125e-02
1.126861572265625000e-02
1.107907295227050781e-02
1.106548309326171875e-02
1.112556457519531250e-02
1.003074645996093750e-02
1.162672042846679688e-02
1.241517066955566406e-02
9.949922561645507812e-03
1.149916648864746094e-02
1.044702529907226562e-02
