1.900601387023925781e-02
1.669859886169433594e-02
1.559209823608398438e-02
1.314616203308105469e-02
1.601529121398925781e-02
1.509666442871093750e-02
1.078557968139648438e-02
1.217436790466308594e-02
1.141428947448730469e-02
1.184153556823730469e-02
1.128554344177246094e-02
1.234102249145507812e-02
1.197838783264160156e-02
1.382446289062500000e-02
1.169371604919433594e-02
1.372814178466796875e-02
1.575469970703125000e-02
6.029415130615234375e-02
1.363444328308105469e-02
1.160550117492675781e-02
1.138663291931152344e-02
1.227784156799316406e-02
1.223468780517578125e-02
1.208734512329101562e-02
1.104617118835449219e-02
1.291990280151367188e-02
1.231122016906738281e-02
1.223516464233398438e-02
1.072311401367187500e-02
1.180720329284667969e-02
1.189184188842773438e-02
1.707386970520019531e-02
1.297783851623535156e-02
1.258540153503417969e-02
1.148152351379394531e-02
1.201581954956054688e-02
1.045513153076171875e-02
1.204204559326171875e-02
1.186180114746093750e-02
1.287961006164550781e-02
1.639699935913085938e-02
1.296043395996093750e-02
1.160502433776855469e-02
1.329135894775390625e-02
1.231050491333007812e-02
1.250839233398437500e-02
1.384425163269042969e-02
1.431035995483398438e-02
1.223111152648925781e-02
1.153969764709472656e-02
1.344037055969238281e-02
1.363205909729003906e-02
1.046204566955566406e-02
1.267337799072265625e-02
1.081681251525878906e-02
1.134181022644042969e-02
1.061058044433593750e-02
1.495552062988281250e-02
1.390647888183593750e-02
1.221752166748046875e-02
1.258730888366699219e-02
1.286482810974121094e-02
1.236939430236816406e-02
1.313972473144531250e-02
1.111841201782226562e-02
1.254725456237792969e-02
1.733374595642089844e-02
1.686620712280273438e-02
1.145005226135253906e-02
1.237082481384277344e-02
1.093339920043945312e-02
1.282620429992675781e-02
1.192808151245117188e-02
1.192140579223632812e-02
1.125168800354003906e-02
1.076340675354003906e-02
1.122975349426269531e-02
1.305937767028808594e-02
1.197123527526855469e-02
1.350045204162597656e-02
1.145482063293457031e-02
1.335692405700683594e-02
1.278066635131835938e-02
1.649117469787597656e-02
1.317954063415527344e-02
1.463055610656738281e-02
1.325058937072753906e-02
1.472473144531250000e-02
1.293396949768066406e-02
1.641678810119628906e-02
1.167917251586914062e-02
1.270961761474609375e-02
1.143717765808105469e-02
1.379704475402832031e-02
1.383495330810546875e-02
1.248788833618164062e-02
1.054024696350097656e-02
1.330471038818359375e-02
1.169967651367187500e-02
1.382541656494140625e-02
1.229166984558105469e-02
1.392173767089843750e-02
1.126718521118164062e-02
1.258540153503417969e-02
1.146769523620605469e-02
1.233506202697753906e-02
1.123166084289550781e-02
1.217269897460937500e-02
1.067614555358886719e-02
1.287126541137695312e-02
1.144671440124511719e-02
1.278948783874511719e-02
1.176953315734863281e-02
1.734447479248046875e-02
1.513123512268066406e-02
1.364636421203613281e-02
1.674675941467285156e-02
1.849818229675292969e-02
1.161050796508789062e-02
1.231384277343750000e-02
1.230263710021972656e-02
1.219272613525390625e-02
1.101970672607421875e-02
1.239037513732910156e-02
1.136398315429687500e-02
1.245212554931640625e-02
1.151490211486816406e-02
1.547551155090332031e-02
1.611471176147460938e-02
1.272201538085937500e-02
1.092028617858886719e-02
1.600933074951171875e-02
1.264882087707519531e-02
1.450324058532714844e-02
1.389670372009277344e-02
1.321172714233398438e-02
1.083326339721679688e-02
1.290941238403320312e-02
1.129126548767089844e-02
1.754784584045410156e-02
1.118373870849609375e-02
1.242899894714355469e-02
1.256012916564941406e-02
1.389455795288085938e-02
1.305270195007324219e-02
1.306438446044921875e-02
1.163172721862792969e-02
1.121354103088378906e-02
1.526093482971191406e-02
1.605987548828125000e-02
1.138210296630859375e-02
1.317644119262695312e-02
1.141476631164550781e-02
1.282525062561035156e-02
1.226902008056640625e-02
1.141095161437988281e-02
1.160955429077148438e-02
1.215100288391113281e-02
1.296162605285644531e-02
1.244258880615234375e-02
1.264357566833496094e-02
1.504373550415039062e-02
1.091384887695312500e-02
1.333522796630859375e-02
1.556682586669921875e-02
1.380443572998046875e-02
1.118803024291992188e-02
1.175093650817871094e-02
1.148486137390136719e-02
1.271772384643554688e-02
1.143360137939453125e-02
1.017904281616210938e-02
1.554870605468750000e-02
1.752543449401855469e-02
1.212286949157714844e-02
1.284003257751464844e-02
1.163554191589355469e-02
1.267862319946289062e-02
1.732635498046875000e-02
1.695847511291503906e-02
1.145839691162109375e-02
1.345109939575195312e-02
1.005125045776367188e-02
1.301717758178710938e-02
1.812076568603515625e-02
1.396036148071289062e-02
1.181888580322265625e-02
1.214647293090820312e-02
1.169157028198242188e-02
1.271796226501464844e-02
1.137852668762207031e-02
1.259589195251464844e-02
1.142430305480957031e-02
1.309990882873535156e-02
1.177716255187988281e-02
1.216912269592285156e-02
1.139616966247558594e-02
1.548004150390625000e-02
1.168179512023925781e-02
1.192617416381835938e-02
1.109576225280761719e-02
1.113009452819824219e-02
9.875297546386718750e-03
1.175308227539062500e-02
1.145172119140625000e-02
2.002310752868652344e-02
1.598024368286132812e-02
1.199293136596679688e-02
1.569533348083496094e-02
1.497387886047363281e-02
1.210713386535644531e-02
1.366209983825683594e-02
1.320338249206542969e-02
1.257801055908203125e-02
1.144361495971679688e-02
1.097345352172851562e-02
1.386094093322753906e-02
1.247310638427734375e-02
1.518678665161132812e-02
1.284956932067871094e-02
1.125621795654296875e-02
