2.956240177154541016e-01
2.001602649688720703e-01
1.913137435913085938e-01
2.329165935516357422e-01
2.143125534057617188e-01
2.786741256713867188e-01
2.186865806579589844e-01
2.657916545867919922e-01
1.936028003692626953e-01
2.523913383483886719e-01
2.415959835052490234e-01
2.639875411987304688e-01
2.540454864501953125e-01
2.999129295349121094e-01
2.586901187896728516e-01
2.940516471862792969e-01
3.085327148437500000e-01
2.354085445404052734e-01
1.976785659790039062e-01
2.456192970275878906e-01
1.822249889373779297e-01
2.720022201538085938e-01
2.046282291412353516e-01
2.678737640380859375e-01
2.552862167358398438e-01
2.595491409301757812e-01
2.163851261138916016e-01
2.704226970672607422e-01
1.830432415008544922e-01
2.374377250671386719e-01
2.851600646972656250e-01
2.131443023681640625e-01
3.565578460693359375e-01
2.900440692901611328e-01
2.476100921630859375e-01
2.710385322570800781e-01
2.026789188385009766e-01
2.532949447631835938e-01
2.623782157897949219e-01
2.674539089202880859e-01
2.309029102325439453e-01
2.443761825561523438e-01
2.198944091796875000e-01
3.352146148681640625e-01
2.978978157043457031e-01
3.464586734771728516e-01
3.563637733459472656e-01
3.186349868774414062e-01
3.407509326934814453e-01
2.052879333496093750e-01
2.644593715667724609e-01
2.413389682769775391e-01
2.648758888244628906e-01
3.423039913177490234e-01
2.599627971649169922e-01
2.503519058227539062e-01
2.111861705780029297e-01
3.431968688964843750e-01
2.340104579925537109e-01
2.139487266540527344e-01
2.752368450164794922e-01
2.991490364074707031e-01
3.353159427642822266e-01
2.754952907562255859e-01
2.288987636566162109e-01
1.830563545227050781e-01
3.114163875579833984e-01
1.826438903808593750e-01
2.585165500640869141e-01
2.705953121185302734e-01
2.575392723083496094e-01
2.548756599426269531e-01
2.674295902252197266e-01
2.078378200531005859e-01
1.937634944915771484e-01
2.022747993469238281e-01
1.731052398681640625e-01
2.620825767517089844e-01
2.519099712371826172e-01
3.101091384887695312e-01
2.084672451019287109e-01
3.497323989868164062e-01
1.746010780334472656e-01
2.961933612823486328e-01
2.490746974945068359e-01
2.413125038146972656e-01
2.313828468322753906e-01
3.499515056610107422e-01
1.824567317962646484e-01
3.519454002380371094e-01
2.490406036376953125e-01
2.687520980834960938e-01
3.031709194183349609e-01
2.996482849121093750e-01
3.423485755920410156e-01
2.329628467559814453e-01
2.288303375244140625e-01
3.037371635437011719e-01
2.796010971069335938e-01
3.250174522399902344e-01
2.853338718414306641e-01
3.464636802673339844e-01
2.248296737670898438e-01
2.574093341827392578e-01
1.946446895599365234e-01
2.530753612518310547e-01
1.945643424987792969e-01
2.540907859802246094e-01
2.115414142608642578e-01
3.014166355133056641e-01
2.174818515777587891e-01
2.796125411987304688e-01
2.451393604278564453e-01
2.752220630645751953e-01
1.863625049591064453e-01
3.234720230102539062e-01
3.032350540161132812e-01
3.732566833496093750e-01
2.071652412414550781e-01
2.582077980041503906e-01
2.642354965209960938e-01
2.586927413940429688e-01
1.820726394653320312e-01
2.551131248474121094e-01
1.886472702026367188e-01
2.623205184936523438e-01
1.872174739837646484e-01
1.925683021545410156e-01
2.288901805877685547e-01
1.897408962249755859e-01
2.172546386718750000e-01
2.653834819793701172e-01
2.230734825134277344e-01
2.023596763610839844e-01
1.471538543701171875e-01
3.482215404510498047e-01
1.907932758331298828e-01
3.055505752563476562e-01
2.057065963745117188e-01
2.669401168823242188e-01
2.251849174499511719e-01
2.662167549133300781e-01
2.733979225158691406e-01
3.633160591125488281e-01
3.393521308898925781e-01
2.575984001159667969e-01
2.833507061004638672e-01
2.197418212890625000e-01
2.387802600860595703e-01
3.243758678436279297e-01
2.499978542327880859e-01
2.998719215393066406e-01
2.047207355499267578e-01
1.812751293182373047e-01
2.037158012390136719e-01
1.746571063995361328e-01
2.268681526184082031e-01
2.661907672882080078e-01
2.032942771911621094e-01
2.409725189208984375e-01
2.784807682037353516e-01
3.448529243469238281e-01
2.651479244232177734e-01
2.113800048828125000e-01
2.246255874633789062e-01
2.570724487304687500e-01
2.005403041839599609e-01
2.303690910339355469e-01
2.069685459136962891e-01
3.123629093170166016e-01
2.028179168701171875e-01
1.439304351806640625e-01
2.416572570800781250e-01
2.493238449096679688e-01
2.520542144775390625e-01
1.694259643554687500e-01
2.613422870635986328e-01
2.660145759582519531e-01
3.031942844390869141e-01
1.953752040863037109e-01
2.502837181091308594e-01
2.784991264343261719e-01
1.646766662597656250e-01
2.583153247833251953e-01
1.931531429290771484e-01
2.570753097534179688e-01
2.329490184783935547e-01
2.236914634704589844e-01
2.452187538146972656e-01
2.556483745574951172e-01
2.287888526916503906e-01
2.600033283233642578e-01
2.306630611419677734e-01
3.162384033203125000e-01
2.411048412322998047e-01
2.622179985046386719e-01
1.846039295196533203e-01
2.357606887817382812e-01
2.097547054290771484e-01
1.548409461975097656e-01
2.577939033508300781e-01
1.566281318664550781e-01
1.739158630371093750e-01
2.144491672515869141e-01
2.011711597442626953e-01
2.345578670501708984e-01
1.985197067260742188e-01
1.561026573181152344e-01
2.581353187561035156e-01
1.759648323059082031e-01
3.017790317535400391e-01
2.204432487487792969e-01
2.383577823638916016e-01
2.071762084960937500e-01
2.886352539062500000e-01
1.760494709014892578e-01
3.242716789245605469e-01
2.032358646392822266e-01
2.053699493408203125e-01
2.582395076751708984e-01
2.220382690429687500e-01
