8.191490173339843750e-02
7.287096977233886719e-02
6.895184516906738281e-02
7.163643836975097656e-02
7.523322105407714844e-02
7.891964912414550781e-02
7.895135879516601562e-02
7.310700416564941406e-02
8.042097091674804688e-02
7.446599006652832031e-02
8.219814300537109375e-02
7.477450370788574219e-02
9.269332885742187500e-02
9.486269950866699219e-02
8.687829971313476562e-02
9.352326393127441406e-02
9.464669227600097656e-02
8.316493034362792969e-02
6.840825080871582031e-02
3.412158489227294922e-01
3.163218498229980469e-01
8.258581161499023438e-02
7.676625251770019531e-02
7.892537117004394531e-02
8.881545066833496094e-02
8.123064041137695312e-02
7.994413375854492188e-02
6.510925292968750000e-02
7.608008384704589844e-02
7.877898216247558594e-02
2.908570766448974609e-01
8.419871330261230469e-02
1.133186817169189453e-01
3.301491737365722656e-01
8.347129821777343750e-02
7.681298255920410156e-02
7.819771766662597656e-02
7.426142692565917969e-02
9.818959236145019531e-02
7.217192649841308594e-02
8.223271369934082031e-02
2.798731327056884766e-01
7.743859291076660156e-02
1.057877540588378906e-01
9.938931465148925781e-02
1.078715324401855469e-01
1.043384075164794922e-01
1.093885898590087891e-01
1.122961044311523438e-01
7.562661170959472656e-02
8.275461196899414062e-02
7.745003700256347656e-02
8.601880073547363281e-02
3.536410331726074219e-01
9.693837165832519531e-02
8.584165573120117188e-02
7.262420654296875000e-02
1.069872379302978516e-01
7.611465454101562500e-02
6.580209732055664062e-02
1.002812385559082031e-01
8.634519577026367188e-02
1.024057865142822266e-01
1.098988056182861328e-01
6.894850730895996094e-02
7.822799682617187500e-02
9.442853927612304688e-02
6.162190437316894531e-02
7.776474952697753906e-02
9.106588363647460938e-02
6.845927238464355469e-02
9.842801094055175781e-02
7.569718360900878906e-02
7.780456542968750000e-02
6.764769554138183594e-02
5.236721038818359375e-02
6.531858444213867188e-02
6.999063491821289062e-02
9.128546714782714844e-02
9.133315086364746094e-02
8.777737617492675781e-02
3.504536151885986328e-01
6.175255775451660156e-02
9.009838104248046875e-02
8.020615577697753906e-02
7.714962959289550781e-02
8.753085136413574219e-02
9.895968437194824219e-02
7.271695137023925781e-02
1.119174957275390625e-01
9.283161163330078125e-02
7.839822769165039062e-02
9.276175498962402344e-02
1.070795059204101562e-01
1.072297096252441406e-01
1.043422222137451172e-01
1.183552742004394531e-01
1.230595111846923828e-01
9.403634071350097656e-02
9.806418418884277344e-02
1.056907176971435547e-01
1.090590953826904297e-01
8.048319816589355469e-02
8.686041831970214844e-02
7.809948921203613281e-02
7.511353492736816406e-02
7.668328285217285156e-02
7.279181480407714844e-02
7.455992698669433594e-02
9.522724151611328125e-02
7.249617576599121094e-02
7.873749732971191406e-02
7.443189620971679688e-02
7.839274406433105469e-02
6.387519836425781250e-02
9.612894058227539062e-02
1.213011741638183594e-01
1.220183372497558594e-01
7.504439353942871094e-02
7.879281044006347656e-02
3.319222927093505859e-01
8.293581008911132812e-02
6.647157669067382812e-02
8.379483222961425781e-02
7.974791526794433594e-02
7.116270065307617188e-02
7.074165344238281250e-02
7.790708541870117188e-02
7.596397399902343750e-02
6.835961341857910156e-02
6.053090095520019531e-02
9.944200515747070312e-02
7.109451293945312500e-02
7.321524620056152344e-02
7.112812995910644531e-02
1.006791591644287109e-01
6.923174858093261719e-02
1.061811447143554688e-01
6.753373146057128906e-02
7.743835449218750000e-02
8.753108978271484375e-02
8.765006065368652344e-02
1.022086143493652344e-01
1.115665435791015625e-01
1.110219955444335938e-01
3.455464839935302734e-01
9.442400932312011719e-02
9.304475784301757812e-02
7.048010826110839844e-02
1.160881519317626953e-01
7.666635513305664062e-02
1.034522056579589844e-01
6.866288185119628906e-02
7.042932510375976562e-02
7.861208915710449219e-02
6.028914451599121094e-02
7.758474349975585938e-02
7.393622398376464844e-02
7.343125343322753906e-02
6.929922103881835938e-02
1.083848476409912109e-01
1.179940700531005859e-01
7.476401329040527344e-02
8.682489395141601562e-02
7.789421081542968750e-02
7.761454582214355469e-02
3.201115131378173828e-01
6.533908843994140625e-02
7.849931716918945312e-02
1.023089885711669922e-01
6.975126266479492188e-02
4.992389678955078125e-02
6.941199302673339844e-02
9.284234046936035156e-02
7.696390151977539062e-02
6.325817108154296875e-02
7.445287704467773438e-02
9.490728378295898438e-02
1.099848747253417969e-01
8.714246749877929688e-02
7.936167716979980469e-02
1.100020408630371094e-01
6.052708625793457031e-02
9.134531021118164062e-02
7.430171966552734375e-02
8.512616157531738281e-02
8.316731452941894531e-02
7.314443588256835938e-02
7.847499847412109375e-02
8.912205696105957031e-02
7.228922843933105469e-02
8.701705932617187500e-02
3.369688987731933594e-01
1.060953140258789062e-01
8.737301826477050781e-02
7.946467399597167969e-02
6.836438179016113281e-02
7.762336730957031250e-02
6.845259666442871094e-02
6.633758544921875000e-02
8.614873886108398438e-02
5.667495727539062500e-02
6.907081604003906250e-02
6.703138351440429688e-02
8.075499534606933594e-02
8.306384086608886719e-02
6.796169281005859375e-02
7.282519340515136719e-02
8.903193473815917969e-02
7.133984565734863281e-02
9.442758560180664062e-02
8.705568313598632812e-02
7.319808006286621094e-02
9.313917160034179688e-02
9.314346313476562500e-02
6.591892242431640625e-02
1.021113395690917969e-01
8.506131172180175781e-02
6.429195404052734375e-02
7.939076423645019531e-02
9.262681007385253906e-02
