2.559089660644531250e-02
1.191306114196777344e-02
1.215863227844238281e-02
1.295495033264160156e-02
1.730489730834960938e-02
1.276254653930664062e-02
1.599860191345214844e-02
1.318550109863281250e-02
1.396512985229492188e-02
1.576232910156250000e-02
1.318359375000000000e-02
1.144862174987792969e-02
1.353454589843750000e-02
1.881170272827148438e-02
1.444411277770996094e-02
1.170444488525390625e-02
1.393890380859375000e-02
1.184868812561035156e-02
1.163125038146972656e-02
1.139259338378906250e-02
1.205253601074218750e-02
1.155710220336914062e-02
1.257610321044921875e-02
1.143527030944824219e-02
1.208853721618652344e-02
1.178503036499023438e-02
1.146078109741210938e-02
1.099157333374023438e-02
1.299333572387695312e-02
1.152682304382324219e-02
1.267838478088378906e-02
1.127481460571289062e-02
1.396226882934570312e-02
1.131939888000488281e-02
1.315474510192871094e-02
1.152515411376953125e-02
1.277875900268554688e-02
1.680231094360351562e-02
1.251959800720214844e-02
1.346731185913085938e-02
1.477122306823730469e-02
1.152920722961425781e-02
1.205158233642578125e-02
1.261305809020996094e-02
1.293039321899414062e-02
1.292681694030761719e-02
1.380467414855957031e-02
1.318073272705078125e-02
1.762270927429199219e-02
1.197600364685058594e-02
1.275992393493652344e-02
1.574182510375976562e-02
1.561784744262695312e-02
1.673984527587890625e-02
1.283431053161621094e-02
1.176548004150390625e-02
1.267528533935546875e-02
1.273679733276367188e-02
1.254630088806152344e-02
1.130580902099609375e-02
1.341176033020019531e-02
1.212859153747558594e-02
1.330471038818359375e-02
1.253151893615722656e-02
1.319789886474609375e-02
1.204371452331542969e-02
1.351237297058105469e-02
1.192784309387207031e-02
1.278352737426757812e-02
1.258277893066406250e-02
1.175522804260253906e-02
1.189827919006347656e-02
1.737856864929199219e-02
1.344633102416992188e-02
1.480126380920410156e-02
1.331138610839843750e-02
1.127576828002929688e-02
1.177477836608886719e-02
1.621007919311523438e-02
1.319074630737304688e-02
1.238036155700683594e-02
1.247811317443847656e-02
1.191616058349609375e-02
1.131820678710937500e-02
1.357030868530273438e-02
1.157522201538085938e-02
1.422190666198730469e-02
1.915335655212402344e-02
1.398229598999023438e-02
1.380801200866699219e-02
1.286673545837402344e-02
1.198434829711914062e-02
1.286554336547851562e-02
1.362156867980957031e-02
1.464128494262695312e-02
1.393532752990722656e-02
1.368761062622070312e-02
1.402211189270019531e-02
1.200366020202636719e-02
1.320385932922363281e-02
1.476883888244628906e-02
1.281952857971191406e-02
1.317381858825683594e-02
1.338601112365722656e-02
1.236844062805175781e-02
1.082277297973632812e-02
1.211047172546386719e-02
1.077747344970703125e-02
1.246738433837890625e-02
1.234650611877441406e-02
1.216745376586914062e-02
1.584887504577636719e-02
1.548910140991210938e-02
1.241421699523925781e-02
1.189708709716796875e-02
1.216959953308105469e-02
1.307487487792968750e-02
1.454710960388183594e-02
1.197052001953125000e-02
1.023817062377929688e-02
1.682209968566894531e-02
1.291346549987792969e-02
1.605391502380371094e-02
1.280069351196289062e-02
1.491141319274902344e-02
1.301550865173339844e-02
1.449561119079589844e-02
1.501822471618652344e-02
1.691126823425292969e-02
1.455092430114746094e-02
1.177525520324707031e-02
1.272630691528320312e-02
1.243400573730468750e-02
1.188683509826660156e-02
1.175594329833984375e-02
1.623845100402832031e-02
1.601552963256835938e-02
1.232242584228515625e-02
6.618618965148925781e-02
1.121234893798828125e-02
1.081728935241699219e-02
1.475572586059570312e-02
1.469421386718750000e-02
1.365494728088378906e-02
1.504087448120117188e-02
1.466774940490722656e-02
1.503968238830566406e-02
1.260781288146972656e-02
1.231098175048828125e-02
1.523971557617187500e-02
1.174736022949218750e-02
1.285243034362792969e-02
1.171016693115234375e-02
1.146483421325683594e-02
1.044750213623046875e-02
1.088738441467285156e-02
1.109981536865234375e-02
1.202821731567382812e-02
1.124000549316406250e-02
1.201057434082031250e-02
1.321506500244140625e-02
1.526188850402832031e-02
1.168131828308105469e-02
1.223945617675781250e-02
1.084899902343750000e-02
1.238155364990234375e-02
1.106357574462890625e-02
1.162385940551757812e-02
1.198077201843261719e-02
1.352834701538085938e-02
1.081013679504394531e-02
1.045989990234375000e-02
1.033163070678710938e-02
1.257324218750000000e-02
1.104593276977539062e-02
1.126122474670410156e-02
1.197457313537597656e-02
1.247787475585937500e-02
1.211237907409667969e-02
1.223707199096679688e-02
1.392173767089843750e-02
1.848936080932617188e-02
1.216101646423339844e-02
1.446580886840820312e-02
1.531648635864257812e-02
1.534438133239746094e-02
1.553082466125488281e-02
1.097273826599121094e-02
1.224279403686523438e-02
1.429009437561035156e-02
1.142740249633789062e-02
1.326346397399902344e-02
1.234579086303710938e-02
1.337385177612304688e-02
1.154708862304687500e-02
1.206445693969726562e-02
1.095676422119140625e-02
1.209926605224609375e-02
1.124334335327148438e-02
1.657819747924804688e-02
1.138615608215332031e-02
1.365280151367187500e-02
1.133036613464355469e-02
1.173591613769531250e-02
1.112294197082519531e-02
1.190876960754394531e-02
1.052594184875488281e-02
1.145720481872558594e-02
1.368784904479980469e-02
1.314997673034667969e-02
1.201581954956054688e-02
1.216053962707519531e-02
1.132464408874511719e-02
1.181125640869140625e-02
1.153111457824707031e-02
1.131725311279296875e-02
1.181721687316894531e-02
1.372122764587402344e-02
1.077175140380859375e-02
1.209735870361328125e-02
1.128387451171875000e-02
