2.671623229980468750e-02
1.874375343322753906e-02
1.896882057189941406e-02
2.122950553894042969e-02
1.794123649597167969e-02
2.052879333496093750e-02
1.801824569702148438e-02
1.694154739379882812e-02
1.677060127258300781e-02
1.732468605041503906e-02
1.909327507019042969e-02
1.910257339477539062e-02
1.870584487915039062e-02
1.801323890686035156e-02
1.815938949584960938e-02
1.730346679687500000e-02
1.661777496337890625e-02
1.936340332031250000e-02
2.111387252807617188e-02
1.853513717651367188e-02
1.998877525329589844e-02
1.704645156860351562e-02
1.705503463745117188e-02
1.674556732177734375e-02
2.194023132324218750e-02
1.921153068542480469e-02
2.068185806274414062e-02
1.937866210937500000e-02
1.899075508117675781e-02
2.402329444885253906e-02
2.035450935363769531e-02
1.594042778015136719e-02
1.751589775085449219e-02
1.730442047119140625e-02
1.769208908081054688e-02
1.757287979125976562e-02
1.698303222656250000e-02
1.679539680480957031e-02
1.611852645874023438e-02
1.721262931823730469e-02
1.835799217224121094e-02
2.482271194458007812e-02
2.010011672973632812e-02
1.778364181518554688e-02
1.782560348510742188e-02
1.725649833679199219e-02
1.683878898620605469e-02
1.802134513854980469e-02
1.792407035827636719e-02
1.999258995056152344e-02
2.674698829650878906e-02
1.773166656494140625e-02
1.774358749389648438e-02
2.010369300842285156e-02
1.765298843383789062e-02
1.835036277770996094e-02
1.927995681762695312e-02
1.907444000244140625e-02
2.050042152404785156e-02
1.713824272155761719e-02
1.961350440979003906e-02
1.848125457763671875e-02
2.039361000061035156e-02
1.805686950683593750e-02
2.123355865478515625e-02
2.093243598937988281e-02
2.314257621765136719e-02
1.830983161926269531e-02
1.615524291992187500e-02
2.050900459289550781e-02
1.881361007690429688e-02
1.641106605529785156e-02
1.670002937316894531e-02
1.630926132202148438e-02
1.724886894226074219e-02
1.799130439758300781e-02
1.558518409729003906e-02
1.584529876708984375e-02
1.657629013061523438e-02
1.998591423034667969e-02
1.675510406494140625e-02
1.722383499145507812e-02
1.786923408508300781e-02
1.708650588989257812e-02
1.727461814880371094e-02
1.607823371887207031e-02
1.629328727722167969e-02
1.767587661743164062e-02
1.638865470886230469e-02
1.744651794433593750e-02
2.167367935180664062e-02
1.644802093505859375e-02
1.817059516906738281e-02
1.719379425048828125e-02
1.818490028381347656e-02
2.149009704589843750e-02
1.598310470581054688e-02
1.801967620849609375e-02
1.618671417236328125e-02
1.785969734191894531e-02
1.795530319213867188e-02
1.730012893676757812e-02
1.765036582946777344e-02
1.675963401794433594e-02
1.836729049682617188e-02
1.873826980590820312e-02
1.684927940368652344e-02
2.009654045104980469e-02
1.612091064453125000e-02
1.737594604492187500e-02
1.835846900939941406e-02
1.911234855651855469e-02
2.056670188903808594e-02
1.640605926513671875e-02
1.734852790832519531e-02
1.713848114013671875e-02
1.991796493530273438e-02
2.204895019531250000e-02
1.626467704772949219e-02
1.744103431701660156e-02
1.908254623413085938e-02
1.949477195739746094e-02
1.855421066284179688e-02
2.127909660339355469e-02
1.694560050964355469e-02
2.075099945068359375e-02
1.654577255249023438e-02
1.669669151306152344e-02
1.707077026367187500e-02
1.655459403991699219e-02
1.808428764343261719e-02
1.717972755432128906e-02
2.125859260559082031e-02
1.762461662292480469e-02
2.069854736328125000e-02
1.763272285461425781e-02
1.717638969421386719e-02
1.722049713134765625e-02
1.652503013610839844e-02
2.060294151306152344e-02
2.013158798217773438e-02
1.757192611694335938e-02
1.861310005187988281e-02
1.758885383605957031e-02
1.868009567260742188e-02
2.201795578002929688e-02
1.699542999267578125e-02
1.690840721130371094e-02
1.655673980712890625e-02
1.790213584899902344e-02
1.854681968688964844e-02
1.709103584289550781e-02
1.609182357788085938e-02
1.637315750122070312e-02
1.636362075805664062e-02
1.720237731933593750e-02
1.629590988159179688e-02
1.820516586303710938e-02
1.659417152404785156e-02
1.947760581970214844e-02
2.393102645874023438e-02
1.954889297485351562e-02
1.745271682739257812e-02
1.731514930725097656e-02
1.677417755126953125e-02
1.684236526489257812e-02
1.765799522399902344e-02
1.779079437255859375e-02
1.727938652038574219e-02
1.933050155639648438e-02
2.313494682312011719e-02
1.634478569030761719e-02
1.686120033264160156e-02
1.813483238220214844e-02
1.859903335571289062e-02
1.795744895935058594e-02
1.766967773437500000e-02
1.832222938537597656e-02
2.237296104431152344e-02
2.407789230346679688e-02
2.119398117065429688e-02
2.203345298767089844e-02
2.169585227966308594e-02
2.089428901672363281e-02
2.264285087585449219e-02
2.188348770141601562e-02
1.617097854614257812e-02
1.596498489379882812e-02
1.622796058654785156e-02
1.693201065063476562e-02
1.891708374023437500e-02
1.697826385498046875e-02
1.937127113342285156e-02
1.763439178466796875e-02
1.686716079711914062e-02
1.761746406555175781e-02
1.697778701782226562e-02
1.672077178955078125e-02
1.653647422790527344e-02
1.651859283447265625e-02
1.700139045715332031e-02
1.744127273559570312e-02
3.075575828552246094e-02
2.245330810546875000e-02
1.836609840393066406e-02
2.040624618530273438e-02
1.774334907531738281e-02
1.800513267517089844e-02
1.733279228210449219e-02
1.740312576293945312e-02
2.061200141906738281e-02
1.681804656982421875e-02
2.124881744384765625e-02
1.865243911743164062e-02
1.919746398925781250e-02
2.000164985656738281e-02
1.992487907409667969e-02
1.716113090515136719e-02
1.706075668334960938e-02
1.892495155334472656e-02
1.877999305725097656e-02
