1.814775466918945312e-01
2.114312648773193359e-01
1.489474773406982422e-01
1.563820838928222656e-01
2.119777202606201172e-01
1.655693054199218750e-01
1.562252044677734375e-01
1.962733268737792969e-01
1.390612125396728516e-01
1.522173881530761719e-01
2.060990333557128906e-01
1.537675857543945312e-01
1.868619918823242188e-01
2.280209064483642578e-01
1.863462924957275391e-01
2.314820289611816406e-01
1.933116912841796875e-01
1.788136959075927734e-01
1.894271373748779297e-01
1.456146240234375000e-01
1.607801914215087891e-01
1.819458007812500000e-01
2.067382335662841797e-01
1.684923171997070312e-01
1.706769466400146484e-01
2.108297348022460938e-01
1.570639610290527344e-01
1.478517055511474609e-01
1.927282810211181641e-01
1.545212268829345703e-01
1.969900131225585938e-01
1.992053985595703125e-01
2.324686050415039062e-01
1.978409290313720703e-01
2.300350666046142578e-01
1.491942405700683594e-01
1.616175174713134766e-01
2.051329612731933594e-01
2.092235088348388672e-01
1.731002330780029297e-01
2.029545307159423828e-01
1.781027317047119141e-01
1.605403423309326172e-01
2.465202808380126953e-01
2.052252292633056641e-01
2.536981105804443359e-01
2.154042720794677734e-01
2.699482440948486328e-01
2.214820384979248047e-01
1.556007862091064453e-01
1.971805095672607422e-01
1.618084907531738281e-01
1.715824604034423828e-01
2.475283145904541016e-01
1.856517791748046875e-01
2.057323455810546875e-01
1.576533317565917969e-01
2.156229019165039062e-01
1.999349594116210938e-01
1.626834869384765625e-01
2.139103412628173828e-01
2.266354560852050781e-01
2.107639312744140625e-01
2.481987476348876953e-01
1.479887962341308594e-01
1.352574825286865234e-01
2.478775978088378906e-01
1.289639472961425781e-01
1.569874286651611328e-01
1.957528591156005859e-01
1.835081577301025391e-01
2.052934169769287109e-01
1.547884941101074219e-01
1.959965229034423828e-01
1.496715545654296875e-01
1.244704723358154297e-01
1.618597507476806641e-01
1.574146747589111328e-01
1.972365379333496094e-01
2.448627948760986328e-01
1.743540763854980469e-01
2.271206378936767578e-01
1.696009635925292969e-01
1.799745559692382812e-01
2.898209095001220703e-01
1.906003952026367188e-01
1.909942626953125000e-01
2.295989990234375000e-01
1.587331295013427734e-01
2.353341579437255859e-01
2.248773574829101562e-01
1.647346019744873047e-01
2.055144309997558594e-01
2.831683158874511719e-01
2.452845573425292969e-01
2.087123394012451172e-01
1.474938392639160156e-01
2.492799758911132812e-01
2.085144519805908203e-01
2.389948368072509766e-01
2.622766494750976562e-01
2.303757667541503906e-01
1.592721939086914062e-01
2.142610549926757812e-01
1.417796611785888672e-01
1.751117706298828125e-01
2.282834053039550781e-01
1.463496685028076172e-01
1.579568386077880859e-01
1.847422122955322266e-01
1.861119270324707031e-01
1.939077377319335938e-01
1.724245548248291016e-01
2.186315059661865234e-01
1.391127109527587891e-01
2.269415855407714844e-01
2.802109718322753906e-01
2.430837154388427734e-01
2.021579742431640625e-01
1.446714401245117188e-01
2.039897441864013672e-01
2.037396430969238281e-01
1.467313766479492188e-01
1.653287410736083984e-01
1.926178932189941406e-01
1.619303226470947266e-01
1.604118347167968750e-01
1.507506370544433594e-01
1.863775253295898438e-01
1.472229957580566406e-01
1.481068134307861328e-01
2.421879768371582031e-01
1.516745090484619141e-01
1.628527641296386719e-01
1.867072582244873047e-01
2.290475368499755859e-01
1.517632007598876953e-01
2.404377460479736328e-01
1.479470729827880859e-01
1.631186008453369141e-01
2.106950283050537109e-01
1.865732669830322266e-01
2.171857357025146484e-01
2.614128589630126953e-01
2.541048526763916016e-01
2.364764213562011719e-01
1.814398765563964844e-01
1.719839572906494141e-01
1.840684413909912109e-01
2.538688182830810547e-01
1.538071632385253906e-01
2.280993461608886719e-01
1.580142974853515625e-01
1.538743972778320312e-01
1.834688186645507812e-01
1.442043781280517578e-01
1.679277420043945312e-01
2.145447731018066406e-01
1.694128513336181641e-01
1.537446975708007812e-01
2.963571548461914062e-01
2.562108039855957031e-01
1.504480838775634766e-01
1.999967098236083984e-01
1.651887893676757812e-01
1.756246089935302734e-01
1.865208148956298828e-01
1.429948806762695312e-01
1.622104644775390625e-01
2.488002777099609375e-01
1.376957893371582031e-01
1.236011981964111328e-01
1.295602321624755859e-01
2.282869815826416016e-01
1.431560516357421875e-01
1.335885524749755859e-01
2.062377929687500000e-01
1.937978267669677734e-01
2.656214237213134766e-01
1.654696464538574219e-01
1.500689983367919922e-01
2.563614845275878906e-01
1.323435306549072266e-01
1.680805683135986328e-01
2.058882713317871094e-01
1.714706420898437500e-01
1.700315475463867188e-01
1.455078125000000000e-01
2.001380920410156250e-01
1.687870025634765625e-01
1.538305282592773438e-01
2.129964828491210938e-01
1.660921573638916016e-01
2.349843978881835938e-01
1.825244426727294922e-01
1.739988327026367188e-01
1.557323932647705078e-01
2.066829204559326172e-01
1.531805992126464844e-01
1.285524368286132812e-01
1.949636936187744141e-01
1.204712390899658203e-01
1.350402832031250000e-01
1.460268497467041016e-01
1.963589191436767578e-01
1.783747673034667969e-01
1.584467887878417969e-01
1.785583496093750000e-01
1.932573318481445312e-01
1.518175601959228516e-01
2.321946620941162109e-01
1.775670051574707031e-01
1.462457180023193359e-01
2.216401100158691406e-01
1.726601123809814453e-01
1.426792144775390625e-01
2.537183761596679688e-01
1.610538959503173828e-01
1.552746295928955078e-01
2.095696926116943359e-01
1.650323867797851562e-01
