2.507686614990234375e-02
1.821660995483398438e-02
2.240896224975585938e-02
2.228236198425292969e-02
2.468895912170410156e-02
2.050471305847167969e-02
1.908683776855468750e-02
2.063083648681640625e-02
1.846933364868164062e-02
2.073955535888671875e-02
2.004361152648925781e-02
1.996445655822753906e-02
2.089476585388183594e-02
2.044987678527832031e-02
2.157473564147949219e-02
1.973986625671386719e-02
2.499222755432128906e-02
1.830673217773437500e-02
2.004671096801757812e-02
1.874208450317382812e-02
1.859474182128906250e-02
1.900315284729003906e-02
2.501773834228515625e-02
2.183175086975097656e-02
1.802945137023925781e-02
1.804471015930175781e-02
1.800179481506347656e-02
1.962780952453613281e-02
1.967072486877441406e-02
1.868963241577148438e-02
1.998496055603027344e-02
1.736545562744140625e-02
2.050995826721191406e-02
1.897287368774414062e-02
2.031373977661132812e-02
2.283573150634765625e-02
1.828980445861816406e-02
1.905250549316406250e-02
1.937317848205566406e-02
1.991963386535644531e-02
1.867318153381347656e-02
1.934003829956054688e-02
2.003955841064453125e-02
1.919960975646972656e-02
2.009582519531250000e-02
2.052021026611328125e-02
2.144861221313476562e-02
1.975440979003906250e-02
2.079558372497558594e-02
2.393674850463867188e-02
2.132201194763183594e-02
2.334785461425781250e-02
1.867485046386718750e-02
2.004075050354003906e-02
1.867246627807617188e-02
1.876020431518554688e-02
1.963782310485839844e-02
1.958608627319335938e-02
1.890254020690917969e-02
2.353930473327636719e-02
2.149295806884765625e-02
1.997351646423339844e-02
2.045321464538574219e-02
2.254199981689453125e-02
2.180361747741699219e-02
1.985096931457519531e-02
2.079367637634277344e-02
1.907372474670410156e-02
2.059245109558105469e-02
2.529191970825195312e-02
2.279496192932128906e-02
2.200651168823242188e-02
1.902198791503906250e-02
1.826834678649902344e-02
1.891684532165527344e-02
1.811027526855468750e-02
2.051258087158203125e-02
2.021217346191406250e-02
2.284359931945800781e-02
2.008366584777832031e-02
2.162432670593261719e-02
2.620077133178710938e-02
1.784992218017578125e-02
2.236962318420410156e-02
2.288031578063964844e-02
2.115106582641601562e-02
2.486991882324218750e-02
2.111363410949707031e-02
1.851534843444824219e-02
2.100419998168945312e-02
1.927208900451660156e-02
2.013516426086425781e-02
1.982021331787109375e-02
2.084136009216308594e-02
1.992511749267578125e-02
1.912617683410644531e-02
1.862049102783203125e-02
2.079677581787109375e-02
2.320146560668945312e-02
2.208256721496582031e-02
2.044844627380371094e-02
2.160835266113281250e-02
1.865077018737792969e-02
1.950907707214355469e-02
2.559566497802734375e-02
2.454018592834472656e-02
2.278256416320800781e-02
2.111244201660156250e-02
1.901245117187500000e-02
2.075600624084472656e-02
1.933026313781738281e-02
1.849341392517089844e-02
1.907420158386230469e-02
1.864147186279296875e-02
2.000784873962402344e-02
2.057790756225585938e-02
2.256274223327636719e-02
2.036452293395996094e-02
1.897096633911132812e-02
1.839351654052734375e-02
1.924324035644531250e-02
2.020955085754394531e-02
2.179479598999023438e-02
2.284121513366699219e-02
1.847147941589355469e-02
1.842260360717773438e-02
1.817274093627929688e-02
1.967740058898925781e-02
1.931333541870117188e-02
1.830053329467773438e-02
2.133011817932128906e-02
2.333974838256835938e-02
2.116465568542480469e-02
1.841211318969726562e-02
1.925921440124511719e-02
1.934909820556640625e-02
1.822328567504882812e-02
1.988291740417480469e-02
1.856374740600585938e-02
1.950097084045410156e-02
1.872467994689941406e-02
2.064728736877441406e-02
2.061057090759277344e-02
2.000856399536132812e-02
2.000880241394042969e-02
1.909732818603515625e-02
2.101635932922363281e-02
1.997137069702148438e-02
2.090096473693847656e-02
2.189278602600097656e-02
1.857757568359375000e-02
2.000951766967773438e-02
1.844644546508789062e-02
2.203488349914550781e-02
2.019357681274414062e-02
1.816844940185546875e-02
1.878571510314941406e-02
1.877617835998535156e-02
1.876425743103027344e-02
1.955938339233398438e-02
1.886415481567382812e-02
2.109360694885253906e-02
1.778316497802734375e-02
1.912355422973632812e-02
1.974415779113769531e-02
1.823377609252929688e-02
1.952195167541503906e-02
1.765227317810058594e-02
1.918792724609375000e-02
1.979470252990722656e-02
1.792049407958984375e-02
1.752281188964843750e-02
1.839756965637207031e-02
1.974511146545410156e-02
1.862049102783203125e-02
1.835131645202636719e-02
1.873159408569335938e-02
1.894998550415039062e-02
2.025938034057617188e-02
2.033495903015136719e-02
1.864218711853027344e-02
2.183437347412109375e-02
1.983499526977539062e-02
2.187252044677734375e-02
2.030205726623535156e-02
1.874899864196777344e-02
1.915359497070312500e-02
1.701140403747558594e-02
2.002596855163574219e-02
2.023053169250488281e-02
1.879405975341796875e-02
1.879644393920898438e-02
1.896786689758300781e-02
2.006483078002929688e-02
1.914811134338378906e-02
1.791429519653320312e-02
1.812624931335449219e-02
1.841115951538085938e-02
2.025938034057617188e-02
1.779246330261230469e-02
2.054762840270996094e-02
2.050280570983886719e-02
2.072167396545410156e-02
2.040743827819824219e-02
1.819348335266113281e-02
1.927518844604492188e-02
1.876235008239746094e-02
1.643896102905273438e-02
1.925659179687500000e-02
1.963448524475097656e-02
1.921057701110839844e-02
1.921319961547851562e-02
1.799917221069335938e-02
1.908755302429199219e-02
2.550864219665527344e-02
1.837038993835449219e-02
2.010726928710937500e-02
1.894974708557128906e-02
2.165389060974121094e-02
1.998543739318847656e-02
1.801753044128417969e-02
