1.570105552673339844e-02
1.120448112487792969e-02
1.174187660217285156e-02
1.436328887939453125e-02
1.453185081481933594e-02
1.123261451721191406e-02
1.267123222351074219e-02
1.129150390625000000e-02
1.262784004211425781e-02
1.126432418823242188e-02
1.247525215148925781e-02
1.319146156311035156e-02
1.280379295349121094e-02
1.402425765991210938e-02
1.345753669738769531e-02
1.420688629150390625e-02
1.340603828430175781e-02
1.626682281494140625e-02
1.415944099426269531e-02
1.138758659362792969e-02
1.517510414123535156e-02
1.352596282958984375e-02
1.370692253112792969e-02
1.246595382690429688e-02
1.164102554321289062e-02
1.257157325744628906e-02
1.420044898986816406e-02
1.266860961914062500e-02
1.551842689514160156e-02
1.327013969421386719e-02
1.286935806274414062e-02
1.657795906066894531e-02
1.641058921813964844e-02
1.180076599121093750e-02
1.228451728820800781e-02
1.421809196472167969e-02
1.248407363891601562e-02
1.198434829711914062e-02
1.198840141296386719e-02
1.185297966003417969e-02
1.337957382202148438e-02
1.428294181823730469e-02
1.123356819152832031e-02
1.805400848388671875e-02
1.276421546936035156e-02
1.308488845825195312e-02
1.882910728454589844e-02
1.431441307067871094e-02
1.404142379760742188e-02
1.182794570922851562e-02
1.398420333862304688e-02
1.177763938903808594e-02
1.558518409729003906e-02
1.265048980712890625e-02
1.293683052062988281e-02
1.176095008850097656e-02
1.335954666137695312e-02
1.441311836242675781e-02
1.250648498535156250e-02
1.057171821594238281e-02
1.248335838317871094e-02
1.226043701171875000e-02
1.273751258850097656e-02
1.451468467712402344e-02
1.160454750061035156e-02
1.130318641662597656e-02
1.229453086853027344e-02
1.033329963684082031e-02
1.165938377380371094e-02
1.176953315734863281e-02
1.131033897399902344e-02
1.148962974548339844e-02
1.167297363281250000e-02
1.152467727661132812e-02
1.162815093994140625e-02
1.020979881286621094e-02
1.066279411315917969e-02
1.095795631408691406e-02
1.186203956604003906e-02
1.188445091247558594e-02
1.339411735534667969e-02
1.262736320495605469e-02
1.071429252624511719e-02
1.380276679992675781e-02
1.502871513366699219e-02
1.063680648803710938e-02
1.253390312194824219e-02
1.305675506591796875e-02
1.076459884643554688e-02
1.301598548889160156e-02
1.228928565979003906e-02
1.146793365478515625e-02
1.251721382141113281e-02
1.307201385498046875e-02
1.756954193115234375e-02
1.283335685729980469e-02
1.222586631774902344e-02
1.289629936218261719e-02
1.289319992065429688e-02
1.306986808776855469e-02
1.331138610839843750e-02
1.381015777587890625e-02
1.271510124206542969e-02
1.297950744628906250e-02
1.908493041992187500e-02
1.338148117065429688e-02
1.182746887207031250e-02
1.121234893798828125e-02
1.144909858703613281e-02
1.146554946899414062e-02
1.235556602478027344e-02
1.175403594970703125e-02
1.140213012695312500e-02
1.216435432434082031e-02
1.182198524475097656e-02
1.178646087646484375e-02
1.342916488647460938e-02
1.333594322204589844e-02
1.138138771057128906e-02
1.109147071838378906e-02
1.326155662536621094e-02
1.176309585571289062e-02
1.128292083740234375e-02
1.171541213989257812e-02
1.180219650268554688e-02
1.100444793701171875e-02
1.217389106750488281e-02
1.134252548217773438e-02
1.491665840148925781e-02
1.052355766296386719e-02
1.195883750915527344e-02
1.641440391540527344e-02
1.111459732055664062e-02
1.107788085937500000e-02
1.098442077636718750e-02
1.249027252197265625e-02
1.128196716308593750e-02
1.702046394348144531e-02
1.376318931579589844e-02
1.166534423828125000e-02
1.148915290832519531e-02
1.159310340881347656e-02
1.425099372863769531e-02
1.366686820983886719e-02
1.379799842834472656e-02
1.195812225341796875e-02
1.215362548828125000e-02
1.113748550415039062e-02
1.165294647216796875e-02
1.256942749023437500e-02
1.291632652282714844e-02
1.195120811462402344e-02
1.289463043212890625e-02
1.167631149291992188e-02
1.099324226379394531e-02
1.047921180725097656e-02
1.162409782409667969e-02
1.123070716857910156e-02
1.221156120300292969e-02
1.136684417724609375e-02
1.353597640991210938e-02
1.612329483032226562e-02
1.187944412231445312e-02
1.171708106994628906e-02
1.233673095703125000e-02
1.381564140319824219e-02
1.771688461303710938e-02
1.651382446289062500e-02
1.210999488830566406e-02
1.233887672424316406e-02
1.134896278381347656e-02
9.669065475463867188e-03
1.111960411071777344e-02
1.198649406433105469e-02
1.153492927551269531e-02
1.273441314697265625e-02
1.397633552551269531e-02
1.474785804748535156e-02
1.595854759216308594e-02
1.354861259460449219e-02
1.202869415283203125e-02
1.435613632202148438e-02
1.295948028564453125e-02
1.876473426818847656e-02
1.211857795715332031e-02
1.166081428527832031e-02
1.338100433349609375e-02
1.256179809570312500e-02
1.250457763671875000e-02
1.173782348632812500e-02
1.148414611816406250e-02
1.174330711364746094e-02
1.298356056213378906e-02
1.214599609375000000e-02
1.715397834777832031e-02
1.293015480041503906e-02
1.169657707214355469e-02
1.232862472534179688e-02
1.219058036804199219e-02
1.483917236328125000e-02
1.443266868591308594e-02
1.119303703308105469e-02
1.203203201293945312e-02
1.079559326171875000e-02
1.334667205810546875e-02
1.843976974487304688e-02
1.602435111999511719e-02
1.346778869628906250e-02
1.262044906616210938e-02
1.606392860412597656e-02
1.414752006530761719e-02
1.217412948608398438e-02
1.209568977355957031e-02
1.103186607360839844e-02
1.241064071655273438e-02
1.280331611633300781e-02
1.165795326232910156e-02
1.163792610168457031e-02
1.132416725158691406e-02
1.167201995849609375e-02
1.255154609680175781e-02
