1.930789947509765625e-01
1.387214660644531250e-01
1.219727993011474609e-01
1.615774631500244141e-01
1.401069164276123047e-01
1.540808677673339844e-01
1.781048774719238281e-01
1.416962146759033203e-01
1.240301132202148438e-01
1.769328117370605469e-01
1.531796455383300781e-01
1.416137218475341797e-01
2.623248100280761719e-01
1.516971588134765625e-01
1.642520427703857422e-01
1.682882308959960938e-01
1.729228496551513672e-01
1.837632656097412109e-01
1.412191390991210938e-01
1.352756023406982422e-01
1.312184333801269531e-01
1.856513023376464844e-01
1.516973972320556641e-01
1.952400207519531250e-01
1.621656417846679688e-01
1.401731967926025391e-01
1.359913349151611328e-01
1.611199378967285156e-01
1.308207511901855469e-01
1.331100463867187500e-01
2.020916938781738281e-01
1.467742919921875000e-01
2.249019145965576172e-01
1.510322093963623047e-01
1.527638435363769531e-01
1.832563877105712891e-01
1.881732940673828125e-01
1.334490776062011719e-01
1.986312866210937500e-01
1.376307010650634766e-01
1.488955020904541016e-01
1.485836505889892578e-01
1.758434772491455078e-01
1.984157562255859375e-01
2.084043025970458984e-01
2.049362659454345703e-01
2.360060214996337891e-01
1.975569725036621094e-01
1.986474990844726562e-01
1.673865318298339844e-01
1.464519500732421875e-01
1.528813838958740234e-01
1.842374801635742188e-01
2.097904682159423828e-01
2.061438560485839844e-01
1.489331722259521484e-01
1.411392688751220703e-01
2.669470310211181641e-01
1.373219490051269531e-01
1.193990707397460938e-01
2.349040508270263672e-01
1.634526252746582031e-01
2.239246368408203125e-01
1.662197113037109375e-01
1.277372837066650391e-01
1.750383377075195312e-01
1.617066860198974609e-01
1.181561946868896484e-01
1.885502338409423828e-01
1.690914630889892578e-01
1.319179534912109375e-01
1.984813213348388672e-01
1.324355602264404297e-01
1.367151737213134766e-01
1.461606025695800781e-01
1.392025947570800781e-01
1.082696914672851562e-01
1.379878520965576172e-01
2.099015712738037109e-01
1.620957851409912109e-01
1.458270549774169922e-01
2.560975551605224609e-01
1.034507751464843750e-01
1.576979160308837891e-01
1.864171028137207031e-01
1.311199665069580078e-01
1.678760051727294922e-01
2.477061748504638672e-01
1.066875457763671875e-01
2.314362525939941406e-01
1.515734195709228516e-01
1.473927497863769531e-01
2.022857666015625000e-01
1.875648498535156250e-01
2.280006408691406250e-01
1.355993747711181641e-01
1.380183696746826172e-01
2.357859611511230469e-01
1.487240791320800781e-01
1.803345680236816406e-01
2.097244262695312500e-01
1.997408866882324219e-01
1.699309349060058594e-01
1.457529067993164062e-01
1.941497325897216797e-01
1.682581901550292969e-01
1.295156478881835938e-01
1.199758052825927734e-01
1.254014968872070312e-01
1.801762580871582031e-01
1.300837993621826172e-01
1.901481151580810547e-01
1.388525962829589844e-01
1.495480537414550781e-01
1.640806198120117188e-01
1.719672679901123047e-01
2.051360607147216797e-01
2.327966690063476562e-01
1.226232051849365234e-01
1.203570365905761719e-01
2.199845314025878906e-01
1.452786922454833984e-01
1.273372173309326172e-01
1.806678771972656250e-01
1.454794406890869141e-01
1.502447128295898438e-01
1.773242950439453125e-01
1.257417201995849609e-01
1.441776752471923828e-01
1.713330745697021484e-01
1.237745285034179688e-01
2.061345577239990234e-01
1.209454536437988281e-01
1.669163703918457031e-01
1.214315891265869141e-01
1.961464881896972656e-01
1.606957912445068359e-01
1.935238838195800781e-01
1.248450279235839844e-01
1.838488578796386719e-01
1.592128276824951172e-01
1.900715827941894531e-01
1.910760402679443359e-01
1.908857822418212891e-01
2.373552322387695312e-01
1.591515541076660156e-01
1.915190219879150391e-01
1.445586681365966797e-01
1.169135570526123047e-01
2.410850524902343750e-01
1.516778469085693359e-01
1.696932315826416016e-01
1.794846057891845703e-01
1.462521553039550781e-01
1.313269138336181641e-01
1.572535037994384766e-01
1.469557285308837891e-01
1.449790000915527344e-01
1.363089084625244141e-01
1.747241020202636719e-01
2.009444236755371094e-01
2.305486202239990234e-01
1.291172504425048828e-01
1.457746028900146484e-01
1.723322868347167969e-01
1.509227752685546875e-01
1.241562366485595703e-01
1.649470329284667969e-01
1.584820747375488281e-01
1.655430793762207031e-01
1.629297733306884766e-01
1.093304157257080078e-01
1.138050556182861328e-01
1.735486984252929688e-01
1.640443801879882812e-01
1.444017887115478516e-01
1.460270881652832031e-01
2.039902210235595703e-01
1.807384490966796875e-01
1.630487442016601562e-01
1.773276329040527344e-01
1.889524459838867188e-01
1.249599456787109375e-01
1.767425537109375000e-01
1.476206779479980469e-01
1.340663433074951172e-01
1.820924282073974609e-01
1.469764709472656250e-01
1.442120075225830078e-01
1.799809932708740234e-01
1.279571056365966797e-01
1.404538154602050781e-01
1.837193965911865234e-01
1.742401123046875000e-01
1.357104778289794922e-01
1.977069377899169922e-01
1.379394531250000000e-01
1.479811668395996094e-01
1.688723564147949219e-01
1.278915405273437500e-01
1.465740203857421875e-01
1.512241363525390625e-01
1.190927028656005859e-01
1.252768039703369141e-01
1.538352966308593750e-01
2.210049629211425781e-01
1.416101455688476562e-01
1.354029178619384766e-01
1.945013999938964844e-01
1.504216194152832031e-01
1.550419330596923828e-01
1.894803047180175781e-01
1.332333087921142578e-01
1.590020656585693359e-01
1.918034553527832031e-01
1.282937526702880859e-01
1.569306850433349609e-01
1.824717521667480469e-01
1.213827133178710938e-01
1.448094844818115234e-01
1.892924308776855469e-01
