0.2357029914855957
0.22899699211120605
0.21222519874572754
0.21400165557861328
0.22257542610168457
0.22756409645080566
0.2218010425567627
0.2238771915435791
0.21372222900390625
0.2277216911315918
0.2327418327331543
0.22097015380859375
0.24535107612609863
0.2487316131591797
0.24463534355163574
0.2416062355041504
0.24047183990478516
0.25546908378601074
0.21129918098449707
0.2107067108154297
0.20759129524230957
0.2355191707611084
0.22775602340698242
0.2220005989074707
0.23042583465576172
0.2192063331604004
0.21684980392456055
0.20967435836791992
0.2180006504058838
0.21924686431884766
0.23751425743103027
0.21322274208068848
0.27916574478149414
0.23606538772583008
0.2486271858215332
0.22230148315429688
0.21689128875732422
0.21185684204101562
0.2526285648345947
0.21635842323303223
0.22458863258361816
0.22834539413452148
0.2208566665649414
0.24793457984924316
0.2519392967224121
0.28409790992736816
0.2659876346588135
0.2794969081878662
0.2891209125518799
0.21300101280212402
0.22763872146606445
0.218489408493042
0.2408454418182373
0.2664966583251953
0.24499893188476562
0.2219715118408203
0.22613024711608887
0.2836775779724121
0.21955394744873047
0.19948291778564453
0.27080821990966797
0.25666332244873047
0.28063297271728516
0.27031564712524414
0.2146310806274414
0.21962738037109375
0.24360108375549316
0.1982119083404541
0.22346949577331543
0.24634933471679688
0.20830464363098145
0.2375638484954834
0.22580313682556152
0.2080233097076416
0.21915197372436523
0.18371176719665527
0.2121889591217041
0.22483086585998535
0.24262523651123047
0.24007463455200195
0.21864986419677734
0.2607564926147461
0.199540376663208
0.2523841857910156
0.23163318634033203
0.21582365036010742
0.23775076866149902
0.281430721282959
0.19619369506835938
0.26271891593933105
0.23424410820007324
0.23306632041931152
0.2388932704925537
0.27909111976623535
0.27260589599609375
0.23287582397460938
0.19977211952209473
0.27060770988464355
0.24320054054260254
0.26990389823913574
0.2550032138824463
0.2590975761413574
0.23063969612121582
0.2496662139892578
0.20660161972045898
0.22130537033081055
0.21852779388427734
0.21930646896362305
0.21288228034973145
0.24232959747314453
0.22504067420959473
0.22900009155273438
0.2332150936126709
0.22651410102844238
0.20691967010498047
0.24519801139831543
0.2644350528717041
0.273632287979126
0.21197295188903809
0.21921777725219727
0.24613213539123535
0.22698736190795898
0.20158791542053223
0.22583341598510742
0.20917272567749023
0.20800018310546875
0.2095193862915039
0.21215581893920898
0.20655417442321777
0.2153456211090088
0.1920030117034912
0.2667381763458252
0.21104049682617188
0.20984172821044922
0.20141887664794922
0.27190518379211426
0.2150125503540039
0.25098156929016113
0.21213984489440918
0.2128140926361084
0.2219996452331543
0.2412564754486084
0.24987053871154785
0.26928234100341797
0.2648780345916748
0.24927330017089844
0.22985005378723145
0.23182940483093262
0.2159440517425537
0.29305601119995117
0.22237825393676758
0.25388097763061523
0.2266833782196045
0.20918846130371094
0.20728230476379395
0.20337843894958496
0.21095800399780273
0.22679924964904785
0.2270979881286621
0.22458481788635254
0.281461238861084
0.2814185619354248
0.23136138916015625
0.23294496536254883
0.21056771278381348
0.22960901260375977
0.2502272129058838
0.2323296070098877
0.22767376899719238
0.2562446594238281
0.21249055862426758
0.19634008407592773
0.2060232162475586
0.24887585639953613
0.22552156448364258
0.21106576919555664
0.23283100128173828
0.25852012634277344
0.27693605422973633
0.21710896492004395
0.2197885513305664
0.2646448612213135
0.19718599319458008
0.2333977222442627
0.2190535068511963
0.22627830505371094
0.23740124702453613
0.21828079223632812
0.22070980072021484
0.2363903522491455
0.23037457466125488
0.24169254302978516
0.22010207176208496
0.25748777389526367
0.2275385856628418
0.225600004196167
0.21907591819763184
0.21311020851135254
0.22503256797790527
0.2037813663482666
0.23852920532226562
0.20558452606201172
0.2115013599395752
0.20804905891418457
0.2222294807434082
0.24038124084472656
0.19934368133544922
0.2174546718597412
0.23818635940551758
0.22304105758666992
0.2575972080230713
0.21724581718444824
0.2203519344329834
0.23644638061523438
0.25450825691223145
0.20242691040039062
0.24208760261535645
0.20911216735839844
0.21711015701293945
0.22819161415100098
0.2247447967529297
