4.429614543914794922e-01
4.399886131286621094e-01
4.367778301239013672e-01
4.395499229431152344e-01
4.272255897521972656e-01
4.331953525543212891e-01
4.507088661193847656e-01
4.445271492004394531e-01
4.224495887756347656e-01
4.365193843841552734e-01
4.384264945983886719e-01
4.398262500762939453e-01
4.481465816497802734e-01
4.435789585113525391e-01
4.380774497985839844e-01
4.456536769866943359e-01
4.537250995635986328e-01
4.417669773101806641e-01
4.321703910827636719e-01
4.376268386840820312e-01
4.278762340545654297e-01
4.493272304534912109e-01
4.446001052856445312e-01
4.357340335845947266e-01
4.380369186401367188e-01
4.381601810455322266e-01
4.490225315093994141e-01
3.126814365386962891e-01
3.535103797912597656e-01
4.430720806121826172e-01
4.536981582641601562e-01
4.442291259765625000e-01
4.465913772583007812e-01
4.344222545623779297e-01
4.457261562347412109e-01
4.326252937316894531e-01
4.300277233123779297e-01
4.419407844543457031e-01
4.405303001403808594e-01
4.403116703033447266e-01
4.506745338439941406e-01
4.401321411132812500e-01
4.359223842620849609e-01
4.504249095916748047e-01
4.460318088531494141e-01
4.573996067047119141e-01
4.562947750091552734e-01
4.508690834045410156e-01
4.569737911224365234e-01
4.347612857818603516e-01
4.338173866271972656e-01
4.455547332763671875e-01
4.276530742645263672e-01
4.462726116180419922e-01
4.467513561248779297e-01
4.412736892700195312e-01
4.438357353210449219e-01
4.724671840667724609e-01
4.502727985382080078e-01
4.283132553100585938e-01
4.512832164764404297e-01
4.476742744445800781e-01
4.662206172943115234e-01
4.562385082244873047e-01
4.384896755218505859e-01
4.451568126678466797e-01
4.449543952941894531e-01
4.309225082397460938e-01
4.438564777374267578e-01
4.519147872924804688e-01
4.454228878021240234e-01
4.575409889221191406e-01
4.438171386718750000e-01
4.329445362091064453e-01
4.587488174438476562e-01
4.322259426116943359e-01
4.326381683349609375e-01
4.371209144592285156e-01
4.507451057434082031e-01
4.366140365600585938e-01
4.284222126007080078e-01
4.475145339965820312e-01
4.264829158782958984e-01
4.584662914276123047e-01
4.565532207489013672e-01
4.412999153137207031e-01
4.485859870910644531e-01
4.527111053466796875e-01
4.342806339263916016e-01
4.486641883850097656e-01
4.454832077026367188e-01
4.384520053863525391e-01
4.369211196899414062e-01
4.579932689666748047e-01
4.513571262359619141e-01
4.266393184661865234e-01
4.472067356109619141e-01
4.556112289428710938e-01
4.421632289886474609e-01
4.589862823486328125e-01
4.428744316101074219e-01
4.539418220520019531e-01
4.460625648498535156e-01
4.348621368408203125e-01
4.426891803741455078e-01
4.277641773223876953e-01
4.424684047698974609e-01
4.305245876312255859e-01
4.339749813079833984e-01
4.438962936401367188e-01
4.449608325958251953e-01
4.369015693664550781e-01
4.530541896820068359e-01
4.562141895294189453e-01
4.348776340484619141e-01
4.453258514404296875e-01
4.783046245574951172e-01
4.616446495056152344e-01
4.480588436126708984e-01
4.275476932525634766e-01
4.636976718902587891e-01
4.415664672851562500e-01
4.384052753448486328e-01
4.432961940765380859e-01
4.355370998382568359e-01
4.486329555511474609e-01
4.439113140106201172e-01
4.372653961181640625e-01
4.337038993835449219e-01
4.308965206146240234e-01
4.440073966979980469e-01
4.694509506225585938e-01
4.454624652862548828e-01
4.350006580352783203e-01
4.309852123260498047e-01
4.627497196197509766e-01
4.379658699035644531e-01
4.619979858398437500e-01
4.339151382446289062e-01
4.370915889739990234e-01
4.390285015106201172e-01
4.654011726379394531e-01
4.546923637390136719e-01
4.594993591308593750e-01
4.716970920562744141e-01
4.438102245330810547e-01
4.515206813812255859e-01
4.369511604309082031e-01
4.302189350128173828e-01
4.543676376342773438e-01
4.558911323547363281e-01
4.593789577484130859e-01
4.391596317291259766e-01
4.469075202941894531e-01
4.437825679779052734e-01
4.294860363006591797e-01
4.459791183471679688e-01
4.403095245361328125e-01
4.452066421508789062e-01
4.569342136383056641e-01
4.591476917266845703e-01
4.608445167541503906e-01
3.847885131835937500e-01
4.425685405731201172e-01
4.341282844543457031e-01
4.326856136322021484e-01
4.290232658386230469e-01
4.244039058685302734e-01
4.499342441558837891e-01
4.568729400634765625e-01
4.358317852020263672e-01
4.366602897644042969e-01
4.412393569946289062e-01
4.504804611206054688e-01
4.276664257049560547e-01
4.420671463012695312e-01
4.450211524963378906e-01
4.576125144958496094e-01
4.566032886505126953e-01
4.515652656555175781e-01
4.498045444488525391e-01
4.495761394500732422e-01
4.390003681182861328e-01
4.469602108001708984e-01
4.337558746337890625e-01
4.304666519165039062e-01
4.495682716369628906e-01
4.278430938720703125e-01
4.304265975952148438e-01
4.482812881469726562e-01
4.376678466796875000e-01
4.506072998046875000e-01
4.313488006591796875e-01
4.485859870910644531e-01
4.353663921356201172e-01
4.509284496307373047e-01
4.436302185058593750e-01
4.394493103027343750e-01
4.362020492553710938e-01
4.299190044403076172e-01
4.245619773864746094e-01
4.362254142761230469e-01
4.434044361114501953e-01
4.353344440460205078e-01
4.372875690460205078e-01
4.528341293334960938e-01
4.462630748748779297e-01
4.238533973693847656e-01
4.481320381164550781e-01
4.653639793395996094e-01
4.369142055511474609e-01
4.575607776641845703e-01
4.575698375701904297e-01
4.475803375244140625e-01
4.576799869537353516e-01
4.377698898315429688e-01
4.482278823852539062e-01
4.348678588867187500e-01
4.472382068634033203e-01
4.463536739349365234e-01
4.693348407745361328e-01
