0.21838831901550293
0.19769048690795898
0.1915426254272461
0.19654011726379395
0.19983983039855957
0.20137572288513184
0.2077040672302246
0.2019672393798828
0.19206523895263672
0.18760299682617188
0.2120816707611084
0.1959998607635498
0.22756099700927734
0.2222304344177246
0.2149503231048584
0.22501635551452637
0.23817181587219238
0.20474839210510254
0.18121337890625
0.2083899974822998
0.19910502433776855
0.20343995094299316
0.2061927318572998
0.19034433364868164
0.20244979858398438
0.19004416465759277
0.17899584770202637
0.18279075622558594
0.18980097770690918
0.18565583229064941
0.21936273574829102
0.18397307395935059
0.24693799018859863
0.19771909713745117
0.231903076171875
0.19758272171020508
0.2034001350402832
0.1815948486328125
0.223250150680542
0.2073040008544922
0.22364354133605957
0.19188237190246582
0.19686317443847656
0.23636770248413086
0.24621891975402832
0.25649189949035645
0.2422471046447754
0.26225948333740234
0.25675201416015625
0.19397592544555664
0.20136046409606934
0.19669175148010254
0.21027040481567383
0.2603757381439209
0.23183822631835938
0.1980726718902588
0.20594501495361328
0.2577965259552002
0.20250678062438965
0.1883256435394287
0.2649247646331787
0.23200011253356934
0.24735212326049805
0.25798773765563965
0.1968381404876709
0.19269871711730957
0.23785185813903809
0.19001436233520508
0.19710826873779297
0.22767281532287598
0.19316387176513672
0.2289409637451172
0.19779682159423828
0.19818663597106934
0.19351768493652344
0.16823458671569824
0.18522143363952637
0.19313526153564453
0.22092342376708984
0.23308873176574707
0.21474432945251465
0.2468264102935791
0.19453668594360352
0.23300671577453613
0.22198009490966797
0.19656777381896973
0.21574854850769043
0.2535126209259033
0.18088960647583008
0.2497546672821045
0.21367764472961426
0.20424962043762207
0.21934914588928223
0.2564685344696045
0.24777650833129883
0.20099949836730957
0.17849445343017578
0.24572157859802246
0.22439026832580566
0.2572941780090332
0.23436188697814941
0.24115443229675293
0.19421076774597168
0.20443177223205566
0.18107390403747559
0.19633960723876953
0.19042205810546875
0.18040680885314941
0.18777871131896973
0.2210545539855957
0.2008364200592041
0.20338678359985352
0.1983025074005127
0.20938920974731445
0.1828138828277588
0.2317497730255127
0.24867725372314453
0.248274564743042
0.20819401741027832
0.18620753288269043
0.24856853485107422
0.2069852352142334
0.18958401679992676
0.21147632598876953
0.209212064743042
0.21131134033203125
0.2025899887084961
0.18834900856018066
0.19063162803649902
0.18608570098876953
0.18935346603393555
0.2425670623779297
0.20365476608276367
0.1948411464691162
0.18317103385925293
0.24492383003234863
0.2072582244873047
0.22331690788269043
0.2167515754699707
0.2220757007598877
0.21127891540527344
0.20584964752197266
0.2403709888458252
0.24015164375305176
0.24992895126342773
0.21054840087890625
0.2162923812866211
0.22423911094665527
0.18138670921325684
0.24190855026245117
0.2008826732635498
0.22374892234802246
0.20306158065795898
0.18884897232055664
0.19274497032165527
0.17305660247802734
0.19319891929626465
0.19132184982299805
0.18346357345581055
0.19101190567016602
0.255617618560791
0.23875761032104492
0.20791292190551758
0.1996617317199707
0.20229554176330566
0.21843481063842773
0.1907336711883545
0.19716620445251465
0.22606539726257324
0.25059008598327637
0.18505597114562988
0.18628978729248047
0.18416237831115723
0.2222750186920166
0.19639897346496582
0.18158411979675293
0.21462678909301758
0.22870969772338867
0.2575404644012451
0.20890450477600098
0.19549846649169922
0.2325763702392578
0.16562604904174805
0.20750188827514648
0.21132564544677734
0.1964280605316162
0.21121978759765625
0.19243717193603516
0.2200026512145996
0.21939992904663086
0.2047584056854248
0.2161703109741211
0.21505498886108398
0.23637723922729492
0.21934270858764648
0.2163383960723877
0.23859357833862305
0.2029876708984375
0.20586109161376953
0.17882013320922852
0.21040129661560059
0.17618513107299805
0.1972818374633789
0.19076991081237793
0.21814608573913574
0.20566940307617188
0.19669556617736816
0.18733549118041992
0.2250986099243164
0.1855783462524414
0.22195887565612793
0.20928335189819336
0.20862555503845215
0.2016429901123047
0.21367287635803223
0.1929337978363037
0.22839570045471191
0.2066640853881836
0.1833956241607666
0.21627306938171387
0.2051982879638672
