0.23833179473876953
0.20270442962646484
0.20703577995300293
0.21234583854675293
0.220200777053833
0.21968483924865723
0.2138993740081787
0.2133922576904297
0.19858169555664062
0.2179856300354004
0.23008441925048828
0.22510409355163574
0.2390000820159912
0.23380613327026367
0.2635185718536377
0.24060773849487305
0.24866461753845215
0.21722197532653809
0.19832682609558105
0.21163010597229004
0.2069087028503418
0.22088623046875
0.21604132652282715
0.2109520435333252
0.22304558753967285
0.2077958583831787
0.19764208793640137
0.19948863983154297
0.19562911987304688
0.21652865409851074
0.23214268684387207
0.20782232284545898
0.2594003677368164
0.24993538856506348
0.23474669456481934
0.2109823226928711
0.20495033264160156
0.20900583267211914
0.2443525791168213
0.2095947265625
0.20419955253601074
0.2191469669342041
0.21102190017700195
0.24778246879577637
0.2348802089691162
0.2607903480529785
0.26738429069519043
0.2636992931365967
0.2628631591796875
0.21565866470336914
0.22441649436950684
0.26008009910583496
0.21109557151794434
0.24414944648742676
0.24607110023498535
0.21608448028564453
0.21259474754333496
0.26903629302978516
0.22237348556518555
0.20819759368896484
0.24828672409057617
0.25008130073547363
0.2575201988220215
0.24967002868652344
0.20369625091552734
0.1996164321899414
0.23624920845031738
0.19286561012268066
0.2132875919342041
0.23647809028625488
0.24129533767700195
0.2369518280029297
0.20300984382629395
0.20267415046691895
0.2188730239868164
0.1933896541595459
0.19964957237243652
0.20911502838134766
0.23980402946472168
0.23688483238220215
0.21361660957336426
0.26520466804504395
0.19305038452148438
0.22145676612854004
0.22453808784484863
0.20871257781982422
0.22530364990234375
0.2587418556213379
0.18502163887023926
0.2968471050262451
0.22236418724060059
0.21216249465942383
0.2471158504486084
0.26284074783325195
0.29331231117248535
0.2209780216217041
0.201155424118042
0.4042961597442627
0.22199797630310059
0.25276851654052734
0.24319672584533691
0.26375436782836914
0.22171688079833984
0.21759486198425293
0.20218157768249512
0.21443462371826172
0.26209235191345215
0.19667387008666992
0.20700287818908691
0.23985838890075684
0.21375036239624023
0.23736834526062012
0.21080446243286133
0.23294353485107422
0.20036649703979492
0.23395371437072754
0.26294684410095215
0.27065324783325195
0.19901466369628906
0.2006988525390625
0.24258947372436523
0.21259713172912598
0.19937562942504883
0.20954012870788574
0.205810546875
0.23096513748168945
0.21478557586669922
0.2010037899017334
0.19197916984558105
0.20036935806274414
0.19722723960876465
0.2551441192626953
0.18936657905578613
0.20804262161254883
0.19420075416564941
0.25555992126464844
0.19919252395629883
0.244279146194458
0.20029067993164062
0.2201225757598877
0.22475767135620117
0.25006794929504395
0.24437546730041504
0.2595853805541992
0.2722344398498535
0.23604989051818848
0.2297220230102539
0.21762633323669434
0.20641732215881348
0.27181243896484375
0.2125377655029297
0.2379465103149414
0.21083569526672363
0.2080068588256836
0.20377039909362793
0.1916663646697998
0.20555758476257324
0.21469855308532715
0.21607470512390137
0.20540881156921387
0.26021575927734375
0.28024768829345703
0.20275306701660156
0.21526122093200684
0.20693254470825195
0.21973371505737305
0.20477509498596191
0.21267104148864746
0.23474907875061035
0.2467033863067627
0.19720101356506348
0.18392539024353027
0.19909000396728516
0.23702001571655273
0.20168137550354004
0.19410228729248047
0.22263813018798828
0.2454080581665039
0.2551889419555664
0.2104332447052002
0.21305084228515625
0.25662875175476074
0.19951343536376953
0.2277846336364746
0.22550559043884277
0.20467305183410645
0.21900105476379395
0.200941801071167
0.22326350212097168
0.22123289108276367
0.23047232627868652
0.21435546875
0.2209484577178955
0.24724173545837402
0.21136093139648438
0.22959089279174805
0.19007039070129395
0.20197010040283203
0.20497989654541016
0.20728254318237305
0.22027945518493652
0.20252108573913574
0.21184754371643066
0.198042631149292
0.21121001243591309
0.21922850608825684
0.21517109870910645
0.1880028247833252
0.22957301139831543
0.20287132263183594
0.24159955978393555
0.22245216369628906
0.2094249725341797
0.21253061294555664
0.23818135261535645
0.18961167335510254
0.24362707138061523
0.22020220756530762
0.194627046585083
0.2195446491241455
0.21958589553833008
