0.22290444374084473
0.20418381690979004
0.19059014320373535
0.19631409645080566
0.2166585922241211
0.21022486686706543
0.19888949394226074
0.20133471488952637
0.2016618251800537
0.20440673828125
0.2029285430908203
0.1984870433807373
0.2241218090057373
0.21312355995178223
0.22821378707885742
0.22960233688354492
0.22786617279052734
0.23598217964172363
0.18294024467468262
0.2028970718383789
0.19551610946655273
0.21287155151367188
0.21169757843017578
0.20322704315185547
0.23639512062072754
0.22478604316711426
0.1951000690460205
0.18964290618896484
0.19861650466918945
0.2127976417541504
0.2292954921722412
0.19443988800048828
0.2640354633331299
0.20351648330688477
0.21136713027954102
0.20216846466064453
0.20799899101257324
0.18828487396240234
0.23173928260803223
0.2098705768585205
0.20375800132751465
0.20197343826293945
0.1933581829071045
0.24494051933288574
0.23165106773376465
0.26052141189575195
0.24488043785095215
0.25507140159606934
0.24105501174926758
0.20024681091308594
0.21106362342834473
0.20598483085632324
0.20741724967956543
0.24451327323913574
0.23383855819702148
0.20953083038330078
0.2115774154663086
0.25350141525268555
0.19511866569519043
0.20802617073059082
0.24959874153137207
0.23335528373718262
0.25408077239990234
0.23741555213928223
0.18767428398132324
0.19472169876098633
0.2526249885559082
0.20117473602294922
0.2165224552154541
0.25671815872192383
0.19996333122253418
0.22139692306518555
0.20200824737548828
0.20358753204345703
0.2070004940032959
0.17740130424499512
0.2017502784729004
0.19145941734313965
0.23030805587768555
0.23394370079040527
0.1940014362335205
0.24869322776794434
0.18959951400756836
0.21974897384643555
0.22747349739074707
0.19937968254089355
0.2144784927368164
0.258314847946167
0.1812608242034912
0.2575345039367676
0.23163151741027832
0.2173142433166504
0.223984956741333
0.25800180435180664
0.2878882884979248
0.21286273002624512
0.18583178520202637
0.25140953063964844
0.22920012474060059
0.2497713565826416
0.2463226318359375
0.25090837478637695
0.2020585536956787
0.20614314079284668
0.1968691349029541
0.21307826042175293
0.19689679145812988
0.18407917022705078
0.19462108612060547
0.2379169464111328
0.2050004005432129
0.2190077304840088
0.20401239395141602
0.2121589183807373
0.1951596736907959
0.2357790470123291
0.2599461078643799
0.26149916648864746
0.20099425315856934
0.19370126724243164
0.2640860080718994
0.20966362953186035
0.19835853576660156
0.20384669303894043
0.19870305061340332
0.2063581943511963
0.20085668563842773
0.1910572052001953
0.1999189853668213
0.19310688972473145
0.18805885314941406
0.2430400848388672
0.20353960990905762
0.2254772186279297
0.19031786918640137
0.24220967292785645
0.20401477813720703
0.23883581161499023
0.19437861442565918
0.217620849609375
0.22039556503295898
0.20702028274536133
0.24855685234069824
0.2668325901031494
0.2438373565673828
0.22647643089294434
0.2163846492767334
0.20882964134216309
0.20274734497070312
0.25702571868896484
0.20031189918518066
0.2331986427307129
0.1997685432434082
0.19543099403381348
0.18872594833374023
0.17989587783813477
0.19630050659179688
0.20993399620056152
0.20030832290649414
0.20362305641174316
0.2513284683227539
0.2763087749481201
0.19540023803710938
0.21161222457885742
0.18993186950683594
0.2185826301574707
0.20647287368774414
0.1912400722503662
0.2201540470123291
0.23627877235412598
0.20519256591796875
0.16826581954956055
0.1879737377166748
0.23598790168762207
0.20066213607788086
0.194260835647583
0.2298266887664795
0.2212381362915039
0.22970962524414062
0.2048640251159668
0.20647192001342773
0.250476598739624
0.17063236236572266
0.21290063858032227
0.2067856788635254
0.21006464958190918
0.21434736251831055
0.20166897773742676
0.22267651557922363
0.22596192359924316
0.2007908821105957
0.21863985061645508
0.2191312313079834
0.23953700065612793
0.2046051025390625
0.21155405044555664
0.19385743141174316
0.2028341293334961
0.1944739818572998
0.19143271446228027
0.21764183044433594
0.17728209495544434
0.19579648971557617
0.19410157203674316
0.20623373985290527
0.21697235107421875
0.19469189643859863
0.21544194221496582
0.2232060432434082
0.19382619857788086
0.22562408447265625
0.20998072624206543
0.2007460594177246
0.21109414100646973
0.22420263290405273
0.19425249099731445
0.2343759536743164
0.20560503005981445
0.18802380561828613
0.2109696865081787
0.21762847900390625
