0.2945380210876465
0.23445391654968262
0.39983558654785156
0.19717049598693848
0.19001483917236328
0.19177842140197754
0.22625017166137695
0.18854761123657227
0.17443275451660156
0.1928102970123291
0.202009916305542
0.19016385078430176
0.22106194496154785
0.23801946640014648
0.22566914558410645
0.2216176986694336
0.2303917407989502
0.2132396697998047
0.22597336769104004
0.19012761116027832
0.19148015975952148
0.21965241432189941
0.20058655738830566
0.19781279563903809
0.21437811851501465
0.20654749870300293
0.18438720703125
0.19144368171691895
0.18935203552246094
0.1959397792816162
0.2187051773071289
0.19890880584716797
0.26613926887512207
0.2062666416168213
0.22666597366333008
0.20478320121765137
0.22164058685302734
0.1899886131286621
0.22418594360351562
0.21279263496398926
0.20681357383728027
0.20818781852722168
0.1964869499206543
0.24002909660339355
0.23353791236877441
0.24177885055541992
0.2529592514038086
0.2601330280303955
0.2549738883972168
0.21889734268188477
0.20662164688110352
0.2040398120880127
0.20827198028564453
0.2840454578399658
0.22941040992736816
0.2199852466583252
0.19873380661010742
0.25803375244140625
0.20214438438415527
0.18822622299194336
0.2346358299255371
0.2302875518798828
0.24332380294799805
0.2261664867401123
0.18364357948303223
0.17633795738220215
0.21492266654968262
0.1812429428100586
0.2010180950164795
0.21770405769348145
0.22675299644470215
0.23058199882507324
0.19374346733093262
0.19170308113098145
0.18303585052490234
0.16306209564208984
0.1686115264892578
0.18769335746765137
0.22192001342773438
0.22402167320251465
0.19814300537109375
0.23166608810424805
0.17197847366333008
0.20746159553527832
0.2121274471282959
0.18300485610961914
0.3508906364440918
0.2575836181640625
0.1657264232635498
0.24220657348632812
0.2178792953491211
0.20743894577026367
0.2159717082977295
0.24312496185302734
0.24367427825927734
0.20791840553283691
0.17636656761169434
0.2520172595977783
0.21345138549804688
0.24588656425476074
0.2371361255645752
0.2483201026916504
0.19533133506774902
0.2068343162536621
0.18353748321533203
0.19979524612426758
0.18936729431152344
0.18715620040893555
0.18230676651000977
0.2167339324951172
0.1944880485534668
0.20438480377197266
0.20065617561340332
0.20225763320922852
0.18836045265197754
0.22174358367919922
0.25262975692749023
0.23581242561340332
0.185988187789917
0.1868119239807129
0.23006224632263184
0.1915116310119629
0.24576663970947266
0.18667340278625488
0.1836855411529541
0.18710803985595703
0.19030475616455078
0.17832589149475098
0.1770482063293457
0.18017911911010742
0.1645519733428955
0.22623205184936523
0.17660236358642578
0.1866302490234375
0.17631220817565918
0.22743439674377441
0.17868494987487793
0.22304844856262207
0.18513846397399902
0.19723773002624512
0.20286297798156738
0.2356271743774414
0.21555638313293457
0.2887721061706543
0.22441697120666504
0.21118450164794922
0.194854736328125
0.20392489433288574
0.18017053604125977
0.2506999969482422
0.1937243938446045
0.2053060531616211
0.18850922584533691
0.17451810836791992
0.18206524848937988
0.1913919448852539
0.19436240196228027
0.18093609809875488
0.19105029106140137
0.23595285415649414
0.2387549877166748
0.23709321022033691
0.19194984436035156
0.20153522491455078
0.191392183303833
0.20937633514404297
0.19393539428710938
0.18661141395568848
0.20482277870178223
0.23133420944213867
0.20050454139709473
0.15865802764892578
0.1825103759765625
0.22766637802124023
0.18610048294067383
0.16914653778076172
0.20014739036560059
0.3309483528137207
0.22655200958251953
0.19707727432250977
0.1960921287536621
0.2435457706451416
0.1678478717803955
0.20600152015686035
0.21295428276062012
0.1986861228942871
0.2111222743988037
0.17693185806274414
0.1993107795715332
0.20487713813781738
0.19675326347351074
0.20232701301574707
0.19995570182800293
0.2329716682434082
0.2387845516204834
0.19842147827148438
0.18491196632385254
0.19278383255004883
0.1866772174835205
0.16741681098937988
0.19261455535888672
0.1623215675354004
0.16771483421325684
0.17801666259765625
0.17651700973510742
0.1936018466949463
0.1728355884552002
0.16720032691955566
0.19890689849853516
0.17204594612121582
0.20702409744262695
0.1970508098602295
0.17971467971801758
0.19692635536193848
0.19750237464904785
0.1673438549041748
0.21928954124450684
0.19307732582092285
0.16811585426330566
0.19764065742492676
0.2071518898010254
