4.294104576110839844e-01
4.099197387695312500e-01
4.204685688018798828e-01
4.073195457458496094e-01
3.265533447265625000e-01
4.264025688171386719e-01
4.083647727966308594e-01
4.155416488647460938e-01
4.061241149902343750e-01
4.074218273162841797e-01
4.253468513488769531e-01
3.956689834594726562e-01
4.185688495635986328e-01
4.179911613464355469e-01
3.946058750152587891e-01
4.212467670440673828e-01
4.613831043243408203e-01
4.170174598693847656e-01
4.163661003112792969e-01
4.081947803497314453e-01
3.931488990783691406e-01
4.072196483612060547e-01
4.072432518005371094e-01
4.176454544067382812e-01
4.579703807830810547e-01
4.186797142028808594e-01
4.239215850830078125e-01
4.082083702087402344e-01
4.038145542144775391e-01
4.056224822998046875e-01
4.127690792083740234e-01
4.097032546997070312e-01
4.154701232910156250e-01
4.016153812408447266e-01
4.122061729431152344e-01
4.034516811370849609e-01
4.129474163055419922e-01
4.152166843414306641e-01
4.100632667541503906e-01
3.951363563537597656e-01
4.119486808776855469e-01
4.040887355804443359e-01
4.072535037994384766e-01
4.105813503265380859e-01
4.116053581237792969e-01
4.212212562561035156e-01
4.313852787017822266e-01
4.290432929992675781e-01
4.423480033874511719e-01
4.070072174072265625e-01
4.126017093658447266e-01
3.980607986450195312e-01
4.115648269653320312e-01
4.292685985565185547e-01
4.121215343475341797e-01
4.015133380889892578e-01
4.199011325836181641e-01
4.279282093048095703e-01
4.092521667480468750e-01
4.038505554199218750e-01
4.210329055786132812e-01
4.098892211914062500e-01
4.091050624847412109e-01
4.213380813598632812e-01
4.101977348327636719e-01
4.164583683013916016e-01
4.305324554443359375e-01
4.035630226135253906e-01
4.130175113677978516e-01
4.161472320556640625e-01
4.083633422851562500e-01
4.221079349517822266e-01
4.073829650878906250e-01
4.124267101287841797e-01
4.050369262695312500e-01
4.031994342803955078e-01
4.014327526092529297e-01
4.041140079498291016e-01
4.188735485076904297e-01
4.178500175476074219e-01
4.084677696228027344e-01
4.262561798095703125e-01
4.136650562286376953e-01
4.058725833892822266e-01
4.196605682373046875e-01
4.048604965209960938e-01
4.219701290130615234e-01
4.178054332733154297e-01
3.881480693817138672e-01
4.332814216613769531e-01
4.149374961853027344e-01
4.475481510162353516e-01
4.229943752288818359e-01
4.276504516601562500e-01
4.314370155334472656e-01
4.169127941131591797e-01
4.049296379089355469e-01
4.217021465301513672e-01
4.079334735870361328e-01
4.255166053771972656e-01
4.135277271270751953e-01
4.442536830902099609e-01
4.086949825286865234e-01
4.030542373657226562e-01
4.109597206115722656e-01
4.059090614318847656e-01
4.194223880767822266e-01
4.007031917572021484e-01
4.157245159149169922e-01
4.080491065979003906e-01
4.113597869873046875e-01
4.097549915313720703e-01
4.068152904510498047e-01
4.154698848724365234e-01
3.955299854278564453e-01
4.192578792572021484e-01
4.142682552337646484e-01
4.440896511077880859e-01
4.045183658599853516e-01
4.034998416900634766e-01
4.181706905364990234e-01
4.119937419891357422e-01
4.114408493041992188e-01
4.068145751953125000e-01
4.201581478118896484e-01
4.166884422302246094e-01
4.074666500091552734e-01
4.128057956695556641e-01
4.037547111511230469e-01
4.043867588043212891e-01
4.035530090332031250e-01
4.171774387359619141e-01
4.151911735534667969e-01
4.166665077209472656e-01
4.066998958587646484e-01
4.269125461578369141e-01
3.969905376434326172e-01
4.263103008270263672e-01
4.023675918579101562e-01
4.142303466796875000e-01
4.170241355895996094e-01
4.172763824462890625e-01
4.304389953613281250e-01
4.406106472015380859e-01
4.248573780059814453e-01
4.119286537170410156e-01
4.187958240509033203e-01
4.123826026916503906e-01
4.170467853546142578e-01
4.058284759521484375e-01
4.078125953674316406e-01
4.226059913635253906e-01
3.980937004089355469e-01
4.077117443084716797e-01
3.965139389038085938e-01
4.101648330688476562e-01
3.897333145141601562e-01
4.132452011108398438e-01
4.120252132415771484e-01
4.158935546875000000e-01
4.365775585174560547e-01
4.210777282714843750e-01
4.233331680297851562e-01
4.261338710784912109e-01
4.110958576202392578e-01
4.104738235473632812e-01
4.044132232666015625e-01
4.146084785461425781e-01
4.250051975250244141e-01
4.128003120422363281e-01
4.023723602294921875e-01
4.277417659759521484e-01
3.981020450592041016e-01
4.089004993438720703e-01
3.949761390686035156e-01
4.029095172882080078e-01
4.239344596862792969e-01
4.148991107940673828e-01
4.262673854827880859e-01
4.080724716186523438e-01
4.200789928436279297e-01
4.141266345977783203e-01
3.973019123077392578e-01
4.152302742004394531e-01
4.031684398651123047e-01
4.050226211547851562e-01
4.135737419128417969e-01
4.140818119049072266e-01
4.149971008300781250e-01
4.078838825225830078e-01
4.195783138275146484e-01
4.053058624267578125e-01
4.136874675750732422e-01
4.281523227691650391e-01
4.083433151245117188e-01
4.105031490325927734e-01
4.051456451416015625e-01
4.185745716094970703e-01
4.120252132415771484e-01
3.964447975158691406e-01
4.196300506591796875e-01
4.053475856781005859e-01
4.187712669372558594e-01
3.979029655456542969e-01
4.097580909729003906e-01
4.060611724853515625e-01
4.126935005187988281e-01
4.096896648406982422e-01
4.113225936889648438e-01
4.127326011657714844e-01
4.368524551391601562e-01
4.098808765411376953e-01
4.082460403442382812e-01
4.128682613372802734e-01
4.139702320098876953e-01
4.011137485504150391e-01
4.110217094421386719e-01
4.166982173919677734e-01
4.009430408477783203e-01
4.196903705596923828e-01
4.149446487426757812e-01
