4.276850223541259766e-01
4.132282733917236328e-01
4.159202575683593750e-01
4.166278839111328125e-01
4.182612895965576172e-01
4.121515750885009766e-01
4.263136386871337891e-01
4.134538173675537109e-01
3.881862163543701172e-01
4.193322658538818359e-01
4.337663650512695312e-01
4.126117229461669922e-01
4.354550838470458984e-01
4.264614582061767578e-01
4.280638694763183594e-01
4.419078826904296875e-01
4.295771121978759766e-01
4.213397502899169922e-01
4.287700653076171875e-01
4.163165092468261719e-01
4.099447727203369141e-01
4.278187751770019531e-01
4.178676605224609375e-01
4.262840747833251953e-01
4.264059066772460938e-01
4.162914752960205078e-01
4.111471176147460938e-01
4.286725521087646484e-01
4.049131870269775391e-01
4.112496376037597656e-01
4.239585399627685547e-01
4.168157577514648438e-01
4.276320934295654297e-01
4.247066974639892578e-01
4.170711040496826172e-01
4.174449443817138672e-01
4.132847785949707031e-01
4.345505237579345703e-01
4.281904697418212891e-01
4.227871894836425781e-01
4.136977195739746094e-01
4.140813350677490234e-01
4.277572631835937500e-01
4.368822574615478516e-01
4.264585971832275391e-01
4.332664012908935547e-01
4.335942268371582031e-01
4.419772624969482422e-01
4.386060237884521484e-01
4.207050800323486328e-01
4.101164340972900391e-01
4.155981540679931641e-01
4.121191501617431641e-01
4.397425651550292969e-01
4.198024272918701172e-01
4.190368652343750000e-01
4.176864624023437500e-01
4.170119762420654297e-01
4.045155048370361328e-01
4.173176288604736328e-01
4.401299953460693359e-01
4.252305030822753906e-01
4.519355297088623047e-01
4.354918003082275391e-01
4.175164699554443359e-01
4.030809402465820312e-01
4.184954166412353516e-01
4.119691848754882812e-01
4.102201461791992188e-01
4.242990016937255859e-01
4.146320819854736328e-01
4.351067543029785156e-01
4.176540374755859375e-01
4.204726219177246094e-01
4.178807735443115234e-01
4.107744693756103516e-01
3.996272087097167969e-01
4.172816276550292969e-01
4.265174865722656250e-01
4.295086860656738281e-01
4.152815341949462891e-01
4.360451698303222656e-01
4.085497856140136719e-01
4.388272762298583984e-01
4.300725460052490234e-01
4.184663295745849609e-01
4.562427997589111328e-01
4.356651306152343750e-01
4.048697948455810547e-01
4.317634105682373047e-01
4.284329414367675781e-01
4.276518821716308594e-01
4.174575805664062500e-01
4.457764625549316406e-01
4.359636306762695312e-01
4.085199832916259766e-01
4.039101600646972656e-01
4.342396259307861328e-01
4.359223842620849609e-01
4.311704635620117188e-01
4.306743144989013672e-01
4.309449195861816406e-01
4.161601066589355469e-01
4.113869667053222656e-01
4.020607471466064453e-01
4.172315597534179688e-01
4.065403938293457031e-01
4.138429164886474609e-01
4.046983718872070312e-01
4.207818508148193359e-01
4.212260246276855469e-01
4.199624061584472656e-01
4.179995059967041016e-01
4.287946224212646484e-01
4.122874736785888672e-01
4.206414222717285156e-01
4.350845813751220703e-01
4.339859485626220703e-01
3.995113372802734375e-01
4.185316562652587891e-01
4.318389892578125000e-01
4.109585285186767578e-01
4.026014804840087891e-01
4.115581512451171875e-01
4.205601215362548828e-01
4.130744934082031250e-01
4.249470233917236328e-01
4.179389476776123047e-01
4.094476699829101562e-01
4.079501628875732422e-01
4.051864147186279297e-01
4.373843669891357422e-01
4.135322570800781250e-01
4.050023555755615234e-01
4.138727188110351562e-01
4.310357570648193359e-01
4.169526100158691406e-01
4.294676780700683594e-01
4.175374507904052734e-01
4.023745059967041016e-01
4.276583194732666016e-01
4.381091594696044922e-01
4.306914806365966797e-01
4.459290504455566406e-01
4.031774997711181641e-01
4.157741069793701172e-01
4.093062877655029297e-01
4.199690818786621094e-01
4.210770130157470703e-01
4.248774051666259766e-01
4.152247905731201172e-01
4.365818500518798828e-01
4.187395572662353516e-01
4.164164066314697266e-01
4.101760387420654297e-01
4.187440872192382812e-01
4.126181602478027344e-01
4.114291667938232422e-01
4.558694362640380859e-01
4.109969139099121094e-01
4.291789531707763672e-01
4.238643646240234375e-01
4.136145114898681641e-01
4.242014884948730469e-01
4.139561653137207031e-01
4.179086685180664062e-01
4.201195240020751953e-01
4.167165756225585938e-01
4.253973960876464844e-01
4.306511878967285156e-01
4.192557334899902344e-01
3.940646648406982422e-01
4.085907936096191406e-01
4.270207881927490234e-01
4.051129817962646484e-01
4.109177589416503906e-01
4.149634838104248047e-01
4.264891147613525391e-01
4.212942123413085938e-01
4.172534942626953125e-01
4.158852100372314453e-01
4.324412345886230469e-01
4.130051136016845703e-01
4.175837039947509766e-01
4.180226325988769531e-01
4.197278022766113281e-01
4.275000095367431641e-01
4.063575267791748047e-01
4.171004295349121094e-01
4.130625724792480469e-01
4.139094352722167969e-01
4.188253879547119141e-01
4.201710224151611328e-01
4.259026050567626953e-01
4.216408729553222656e-01
4.167778491973876953e-01
4.076957702636718750e-01
4.213621616363525391e-01
4.195353984832763672e-01
4.079048633575439453e-01
4.166035652160644531e-01
4.053342342376708984e-01
4.113671779632568359e-01
4.032206535339355469e-01
4.058539867401123047e-01
4.210059642791748047e-01
4.123327732086181641e-01
4.048519134521484375e-01
4.324312210083007812e-01
4.170539379119873047e-01
4.227302074432373047e-01
4.309742450714111328e-01
4.170482158660888672e-01
4.308972358703613281e-01
4.093065261840820312e-01
3.992853164672851562e-01
4.273285865783691406e-01
4.219272136688232422e-01
4.113390445709228516e-01
4.207484722137451172e-01
4.199016094207763672e-01
