4.315025806427001953e-01
4.248692989349365234e-01
4.171710014343261719e-01
4.204356670379638672e-01
4.411466121673583984e-01
4.207036495208740234e-01
4.278833866119384766e-01
4.190711975097656250e-01
4.242377281188964844e-01
4.292323589324951172e-01
4.362018108367919922e-01
4.197282791137695312e-01
4.431684017181396484e-01
4.419765472412109375e-01
4.390723705291748047e-01
4.365508556365966797e-01
4.436209201812744141e-01
4.447984695434570312e-01
4.312133789062500000e-01
4.310362339019775391e-01
4.323711395263671875e-01
4.459533691406250000e-01
4.335284233093261719e-01
4.415729045867919922e-01
4.268624782562255859e-01
4.240562915802001953e-01
4.316382408142089844e-01
4.426560401916503906e-01
4.027545452117919922e-01
4.217922687530517578e-01
4.405984878540039062e-01
4.263770580291748047e-01
4.310903549194335938e-01
4.270308017730712891e-01
4.382920265197753906e-01
4.215872287750244141e-01
4.258487224578857422e-01
4.251074790954589844e-01
4.329206943511962891e-01
4.385213851928710938e-01
4.277434349060058594e-01
4.260158538818359375e-01
4.223079681396484375e-01
4.524128437042236328e-01
4.407877922058105469e-01
4.445788860321044922e-01
4.523494243621826172e-01
4.344558715820312500e-01
4.276330471038818359e-01
4.320642948150634766e-01
4.226446151733398438e-01
4.203331470489501953e-01
4.301800727844238281e-01
4.397234916687011719e-01
4.273626804351806641e-01
4.244496822357177734e-01
4.384164810180664062e-01
4.412336349487304688e-01
3.956928253173828125e-01
4.176347255706787109e-01
4.492919445037841797e-01
4.252021312713623047e-01
4.397380352020263672e-01
4.261577129364013672e-01
4.264957904815673828e-01
4.214322566986083984e-01
4.456579685211181641e-01
4.300861358642578125e-01
4.191262722015380859e-01
4.271216392517089844e-01
4.208533763885498047e-01
4.323365688323974609e-01
4.138069152832031250e-01
4.227077960968017578e-01
4.579627513885498047e-01
4.029629230499267578e-01
4.219379425048828125e-01
4.207663536071777344e-01
4.329438209533691406e-01
4.319849014282226562e-01
4.251616001129150391e-01
4.498579502105712891e-01
4.220056533813476562e-01
4.363667964935302734e-01
4.339842796325683594e-01
4.146738052368164062e-01
4.327292442321777344e-01
4.469718933105468750e-01
4.190480709075927734e-01
4.398121833801269531e-01
4.535007476806640625e-01
4.350285530090332031e-01
4.553582668304443359e-01
4.515271186828613281e-01
4.448235034942626953e-01
4.301168918609619141e-01
4.219889640808105469e-01
4.498603343963623047e-01
4.448733329772949219e-01
4.397845268249511719e-01
4.562978744506835938e-01
4.676318168640136719e-01
4.286451339721679688e-01
4.329791069030761719e-01
4.196779727935791016e-01
4.260823726654052734e-01
4.093570709228515625e-01
3.463470935821533203e-01
4.384295940399169922e-01
4.285411834716796875e-01
4.304115772247314453e-01
4.306991100311279297e-01
4.339609146118164062e-01
4.308037757873535156e-01
4.241526126861572266e-01
4.348886013031005859e-01
4.256510734558105469e-01
4.533090591430664062e-01
4.375114440917968750e-01
4.239940643310546875e-01
4.337701797485351562e-01
4.190504550933837891e-01
4.183523654937744141e-01
4.144971370697021484e-01
4.286646842956542969e-01
4.366178512573242188e-01
4.281682968139648438e-01
4.097025394439697266e-01
4.274320602416992188e-01
4.206836223602294922e-01
4.235665798187255859e-01
4.281723499298095703e-01
4.347417354583740234e-01
4.232091903686523438e-01
4.314570426940917969e-01
4.468541145324707031e-01
4.283201694488525391e-01
4.348165988922119141e-01
4.313268661499023438e-01
4.255249500274658203e-01
4.250955581665039062e-01
4.247977733612060547e-01
4.423320293426513672e-01
4.637379646301269531e-01
4.417321681976318359e-01
4.298310279846191406e-01
4.375143051147460938e-01
4.390103816986083984e-01
4.172394275665283203e-01
4.436631202697753906e-01
4.337401390075683594e-01
4.341511726379394531e-01
4.276506900787353516e-01
4.215137958526611328e-01
4.035711288452148438e-01
4.241633415222167969e-01
4.255869388580322266e-01
4.304826259613037109e-01
4.295887947082519531e-01
4.338419437408447266e-01
4.610397815704345703e-01
4.454729557037353516e-01
4.252691268920898438e-01
4.222722053527832031e-01
4.323322772979736328e-01
4.275732040405273438e-01
4.216029644012451172e-01
4.133157730102539062e-01
4.219431877136230469e-01
4.427545070648193359e-01
4.292583465576171875e-01
4.226086139678955078e-01
4.255588054656982422e-01
4.358172416687011719e-01
4.308009147644042969e-01
4.316477775573730469e-01
4.432702064514160156e-01
4.363286495208740234e-01
4.500195980072021484e-01
4.308164119720458984e-01
4.316463470458984375e-01
4.323523044586181641e-01
4.112586975097656250e-01
4.333631992340087891e-01
4.129631519317626953e-01
4.326462745666503906e-01
4.312701225280761719e-01
4.183938503265380859e-01
4.277105331420898438e-01
4.246766567230224609e-01
4.332489967346191406e-01
4.281733036041259766e-01
4.222192764282226562e-01
4.475717544555664062e-01
4.271450042724609375e-01
4.280538558959960938e-01
4.267206192016601562e-01
4.301788806915283203e-01
4.240381717681884766e-01
4.245235919952392578e-01
4.212803840637207031e-01
4.188344478607177734e-01
4.286704063415527344e-01
4.267678260803222656e-01
4.297950267791748047e-01
4.395201206207275391e-01
4.191412925720214844e-01
4.159452915191650391e-01
4.363524913787841797e-01
4.227638244628906250e-01
4.447071552276611328e-01
4.340765476226806641e-01
4.168980121612548828e-01
4.597830772399902344e-01
4.330880641937255859e-01
4.298443794250488281e-01
4.344992637634277344e-01
4.428770542144775391e-01
4.388067722320556641e-01
4.308290481567382812e-01
4.404625892639160156e-01
