4.243512153625488281e-01
4.237434864044189453e-01
4.085094928741455078e-01
4.120624065399169922e-01
4.094116687774658203e-01
4.277565479278564453e-01
4.202432632446289062e-01
4.123723506927490234e-01
4.127252101898193359e-01
4.162979125976562500e-01
4.167265892028808594e-01
4.177379608154296875e-01
4.252724647521972656e-01
4.309048652648925781e-01
4.281764030456542969e-01
4.253480434417724609e-01
4.244766235351562500e-01
4.227883815765380859e-01
4.042005538940429688e-01
4.189276695251464844e-01
4.201836585998535156e-01
4.265651702880859375e-01
4.166646003723144531e-01
4.104075431823730469e-01
4.191441535949707031e-01
4.263935089111328125e-01
4.198391437530517578e-01
4.160366058349609375e-01
4.126524925231933594e-01
4.131259918212890625e-01
4.180126190185546875e-01
4.117155075073242188e-01
4.398970603942871094e-01
4.219217300415039062e-01
4.196515083312988281e-01
4.208669662475585938e-01
4.166378974914550781e-01
4.278473854064941406e-01
4.251940250396728516e-01
4.279103279113769531e-01
4.180529117584228516e-01
4.268531799316406250e-01
4.226858615875244141e-01
4.350590705871582031e-01
4.373323917388916016e-01
4.390695095062255859e-01
4.417686462402343750e-01
4.368412494659423828e-01
4.387025833129882812e-01
4.143416881561279297e-01
4.195115566253662109e-01
4.229846000671386719e-01
4.258537292480468750e-01
4.380044937133789062e-01
4.165580272674560547e-01
4.203138351440429688e-01
4.262540340423583984e-01
4.320111274719238281e-01
4.061260223388671875e-01
4.516170024871826172e-01
4.441435337066650391e-01
4.184877872467041016e-01
4.330704212188720703e-01
4.247064590454101562e-01
4.085607528686523438e-01
4.234974384307861328e-01
4.364137649536132812e-01
4.121005535125732422e-01
4.180064201354980469e-01
4.275240898132324219e-01
4.117724895477294922e-01
4.175915718078613281e-01
4.308404922485351562e-01
4.204823970794677734e-01
4.625790119171142578e-01
4.030754566192626953e-01
4.129128456115722656e-01
4.043216705322265625e-01
4.325153827667236328e-01
4.259071350097656250e-01
4.190943241119384766e-01
4.440965652465820312e-01
4.172210693359375000e-01
4.364199638366699219e-01
4.219439029693603516e-01
4.176578521728515625e-01
4.314029216766357422e-01
4.228873252868652344e-01
4.172680377960205078e-01
4.514234066009521484e-01
4.250688552856445312e-01
4.168865680694580078e-01
4.298672676086425781e-01
4.271690845489501953e-01
4.278221130371093750e-01
4.242062568664550781e-01
4.151427745819091797e-01
4.513037204742431641e-01
4.223268032073974609e-01
4.389827251434326172e-01
4.459831714630126953e-01
4.341437816619873047e-01
4.199450016021728516e-01
4.246950149536132812e-01
4.049515724182128906e-01
4.221112728118896484e-01
4.219381809234619141e-01
4.175953865051269531e-01
3.240721225738525391e-01
4.367084503173828125e-01
4.163937568664550781e-01
4.112968444824218750e-01
4.228944778442382812e-01
4.332575798034667969e-01
4.228529930114746094e-01
4.142661094665527344e-01
4.301419258117675781e-01
4.294164180755615234e-01
4.064157009124755859e-01
4.046654701232910156e-01
4.321932792663574219e-01
4.207055568695068359e-01
4.205133914947509766e-01
4.166996479034423828e-01
4.346752166748046875e-01
4.120073318481445312e-01
4.146766662597656250e-01
4.202022552490234375e-01
4.150466918945312500e-01
4.179739952087402344e-01
4.069259166717529297e-01
4.328491687774658203e-01
4.161388874053955078e-01
4.380931854248046875e-01
4.166173934936523438e-01
4.530174732208251953e-01
4.134888648986816406e-01
4.306952953338623047e-01
4.168400764465332031e-01
4.330832958221435547e-01
4.278326034545898438e-01
4.201660156250000000e-01
4.243957996368408203e-01
4.398257732391357422e-01
4.241445064544677734e-01
4.547798633575439453e-01
4.459164142608642578e-01
4.189600944519042969e-01
4.146914482116699219e-01
4.439425468444824219e-01
4.159631729125976562e-01
4.222087860107421875e-01
4.076936244964599609e-01
4.258151054382324219e-01
4.230871200561523438e-01
4.263529777526855469e-01
4.231581687927246094e-01
4.437479972839355469e-01
4.121212959289550781e-01
4.190449714660644531e-01
4.389781951904296875e-01
4.397633075714111328e-01
4.076764583587646484e-01
4.102096557617187500e-01
4.284088611602783203e-01
4.206433296203613281e-01
4.170444011688232422e-01
4.180018901824951172e-01
4.252772331237792969e-01
4.326486587524414062e-01
4.149007797241210938e-01
4.129142761230468750e-01
4.174103736877441406e-01
4.237489700317382812e-01
4.201910495758056641e-01
4.052081108093261719e-01
4.099566936492919922e-01
4.329273700714111328e-01
4.330801963806152344e-01
4.268352985382080078e-01
4.337487220764160156e-01
4.307041168212890625e-01
4.232754707336425781e-01
4.346280097961425781e-01
3.935923576354980469e-01
4.222893714904785156e-01
4.181661605834960938e-01
4.150781631469726562e-01
4.196083545684814453e-01
4.223868846893310547e-01
4.172329902648925781e-01
4.180083274841308594e-01
4.119722843170166016e-01
4.212520122528076172e-01
4.156219959259033203e-01
4.292185306549072266e-01
4.074060916900634766e-01
4.266910552978515625e-01
4.282536506652832031e-01
4.002807140350341797e-01
4.167866706848144531e-01
4.113404750823974609e-01
4.234738349914550781e-01
4.233195781707763672e-01
4.144239425659179688e-01
4.286456108093261719e-01
4.098427295684814453e-01
4.319357872009277344e-01
4.212491512298583984e-01
4.106807708740234375e-01
4.380888938903808594e-01
4.163312911987304688e-01
4.080438613891601562e-01
4.331831932067871094e-01
4.262101650238037109e-01
4.158978462219238281e-01
4.634406566619873047e-01
4.325964450836181641e-01
4.277424812316894531e-01
4.398386478424072266e-01
4.153323173522949219e-01
