5.339186191558837891e-01
4.112865924835205078e-01
4.119687080383300781e-01
4.187936782836914062e-01
4.022309780120849609e-01
3.962631225585937500e-01
4.086897373199462891e-01
4.279310703277587891e-01
3.889660835266113281e-01
4.100368022918701172e-01
4.020154476165771484e-01
4.027690887451171875e-01
5.068552494049072266e-01
4.153189659118652344e-01
4.254138469696044922e-01
4.175446033477783203e-01
4.030020236968994141e-01
4.144482612609863281e-01
3.994498252868652344e-01
4.095098972320556641e-01
3.972592353820800781e-01
4.249014854431152344e-01
4.101836681365966797e-01
4.014768600463867188e-01
4.612700939178466797e-01
4.209351539611816406e-01
3.962697982788085938e-01
4.146518707275390625e-01
4.027912616729736328e-01
4.158172607421875000e-01
4.105405807495117188e-01
4.079647064208984375e-01
4.202079772949218750e-01
4.018900394439697266e-01
4.058859348297119141e-01
3.955488204956054688e-01
4.691762924194335938e-01
4.012205600738525391e-01
4.092690944671630859e-01
4.022004604339599609e-01
4.026975631713867188e-01
4.009265899658203125e-01
4.053883552551269531e-01
4.146897792816162109e-01
4.235169887542724609e-01
4.267022609710693359e-01
4.216270446777343750e-01
4.219937324523925781e-01
4.760680198669433594e-01
4.068171977996826172e-01
4.100100994110107422e-01
4.119255542755126953e-01
4.189822673797607422e-01
4.326059818267822266e-01
4.300322532653808594e-01
4.031579494476318359e-01
4.171040058135986328e-01
4.302732944488525391e-01
4.092721939086914062e-01
4.088995456695556641e-01
4.854183197021484375e-01
4.050283432006835938e-01
4.279024600982666016e-01
4.351263046264648438e-01
4.059638977050781250e-01
4.154560565948486328e-01
4.218385219573974609e-01
4.141540527343750000e-01
4.017376899719238281e-01
4.210255146026611328e-01
4.018371105194091797e-01
4.328823089599609375e-01
4.194109439849853516e-01
4.146225452423095703e-01
4.045972824096679688e-01
4.216110706329345703e-01
4.090416431427001953e-01
4.121286869049072266e-01
4.242703914642333984e-01
4.185185432434082031e-01
4.010148048400878906e-01
4.186313152313232422e-01
4.065270423889160156e-01
4.149792194366455078e-01
4.346559047698974609e-01
4.065806865692138672e-01
4.253549575805664062e-01
4.327895641326904297e-01
3.890671730041503906e-01
4.340429306030273438e-01
4.123795032501220703e-01
4.138700962066650391e-01
4.191219806671142578e-01
4.499790668487548828e-01
4.235351085662841797e-01
4.126372337341308594e-01
4.052453041076660156e-01
4.159998893737792969e-01
4.116363525390625000e-01
4.255738258361816406e-01
3.926091194152832031e-01
4.186103343963623047e-01
4.054324626922607422e-01
4.199635982513427734e-01
3.931798934936523438e-01
4.090495109558105469e-01
4.050533771514892578e-01
3.925876617431640625e-01
4.021394252777099609e-01
4.148459434509277344e-01
3.979296684265136719e-01
4.112045764923095703e-01
4.122202396392822266e-01
4.107246398925781250e-01
4.098219871520996094e-01
4.267127513885498047e-01
4.335615634918212891e-01
4.134314060211181641e-01
3.970134258270263672e-01
4.087200164794921875e-01
4.231421947479248047e-01
4.153916835784912109e-01
4.149773120880126953e-01
4.184176921844482422e-01
4.050571918487548828e-01
4.253997802734375000e-01
4.116301536560058594e-01
3.953468799591064453e-01
4.195768833160400391e-01
4.076058864593505859e-01
4.086956977844238281e-01
4.268133640289306641e-01
4.196374416351318359e-01
4.172141551971435547e-01
3.993651866912841797e-01
4.148588180541992188e-01
3.987300395965576172e-01
4.075963497161865234e-01
3.903577327728271484e-01
3.999071121215820312e-01
4.074943065643310547e-01
3.977019786834716797e-01
4.148261547088623047e-01
4.215736389160156250e-01
4.164605140686035156e-01
4.098746776580810547e-01
4.007489681243896484e-01
3.975665569305419922e-01
4.026341438293457031e-01
4.256765842437744141e-01
4.024703502655029297e-01
3.957886695861816406e-01
3.983325958251953125e-01
4.024064540863037109e-01
4.011192321777343750e-01
4.058933258056640625e-01
4.041051864624023438e-01
4.026639461517333984e-01
3.969950675964355469e-01
3.891143798828125000e-01
4.317760467529296875e-01
4.187905788421630859e-01
4.091420173645019531e-01
4.140141010284423828e-01
3.936524391174316406e-01
4.271838665008544922e-01
4.108891487121582031e-01
4.016406536102294922e-01
4.107091426849365234e-01
4.175701141357421875e-01
3.992254734039306641e-01
3.956375122070312500e-01
3.963248729705810547e-01
4.142644405364990234e-01
3.926422595977783203e-01
3.984220027923583984e-01
4.179210662841796875e-01
4.171626567840576172e-01
4.247193336486816406e-01
3.939113616943359375e-01
3.971002101898193359e-01
4.357872009277343750e-01
4.039201736450195312e-01
4.099676609039306641e-01
4.073543548583984375e-01
4.011864662170410156e-01
3.968405723571777344e-01
4.065847396850585938e-01
4.050624370574951172e-01
4.132394790649414062e-01
4.659409523010253906e-01
4.077167510986328125e-01
3.989822864532470703e-01
4.151878356933593750e-01
4.025685787200927734e-01
4.074339866638183594e-01
4.096570014953613281e-01
4.124689102172851562e-01
4.046578407287597656e-01
3.979175090789794922e-01
4.011790752410888672e-01
3.990745544433593750e-01
3.977799415588378906e-01
3.991370201110839844e-01
4.138360023498535156e-01
4.087121486663818359e-01
4.387969970703125000e-01
4.101727008819580078e-01
4.131975173950195312e-01
4.109137058258056641e-01
4.019639492034912109e-01
4.101781845092773438e-01
4.115755558013916016e-01
4.217998981475830078e-01
4.165401458740234375e-01
3.997673988342285156e-01
4.198014736175537109e-01
4.073660373687744141e-01
4.067416191101074219e-01
3.998761177062988281e-01
3.968589305877685547e-01
