4.646763801574707031e-01
4.548296928405761719e-01
4.400837421417236328e-01
4.555099010467529297e-01
4.644141197204589844e-01
4.604930877685546875e-01
4.462447166442871094e-01
4.390268325805664062e-01
4.465968608856201172e-01
4.545087814331054688e-01
4.636259078979492188e-01
4.461805820465087891e-01
4.440836906433105469e-01
4.477188587188720703e-01
4.655289649963378906e-01
4.650099277496337891e-01
4.512693881988525391e-01
4.424808025360107422e-01
4.453697204589843750e-01
4.489321708679199219e-01
4.476718902587890625e-01
4.611258506774902344e-01
4.420297145843505859e-01
4.467294216156005859e-01
4.515480995178222656e-01
4.582076072692871094e-01
4.474852085113525391e-01
4.412012100219726562e-01
4.524710178375244141e-01
4.429090023040771484e-01
4.565906524658203125e-01
4.519870281219482422e-01
4.468383789062500000e-01
4.450726509094238281e-01
4.614660739898681641e-01
4.502077102661132812e-01
4.578890800476074219e-01
4.334568977355957031e-01
4.627430438995361328e-01
4.529349803924560547e-01
4.673428535461425781e-01
4.477567672729492188e-01
4.364132881164550781e-01
4.593756198883056641e-01
4.655330181121826172e-01
4.760432243347167969e-01
4.628818035125732422e-01
4.676322937011718750e-01
4.525198936462402344e-01
4.654200077056884766e-01
4.520757198333740234e-01
4.564664363861083984e-01
4.499146938323974609e-01
4.685964584350585938e-01
4.943971633911132812e-01
4.489130973815917969e-01
4.452102184295654297e-01
4.629237651824951172e-01
4.940717220306396484e-01
4.381790161132812500e-01
4.543273448944091797e-01
4.563875198364257812e-01
4.596283435821533203e-01
4.635205268859863281e-01
4.367458820343017578e-01
4.531521797180175781e-01
4.560625553131103516e-01
4.536838531494140625e-01
4.539201259613037109e-01
4.642014503479003906e-01
4.477472305297851562e-01
4.451105594635009766e-01
4.449262619018554688e-01
4.623842239379882812e-01
4.448013305664062500e-01
4.369049072265625000e-01
4.397051334381103516e-01
4.405968189239501953e-01
4.598224163055419922e-01
4.474225044250488281e-01
4.517595767974853516e-01
4.520616531372070312e-01
4.364166259765625000e-01
4.560594558715820312e-01
4.615786075592041016e-01
4.557240009307861328e-01
4.575223922729492188e-01
4.515283107757568359e-01
4.411265850067138672e-01
4.706406593322753906e-01
4.641780853271484375e-01
4.534962177276611328e-01
4.512693881988525391e-01
4.619417190551757812e-01
4.806797504425048828e-01
4.759266376495361328e-01
4.549608230590820312e-01
4.656162261962890625e-01
4.582993984222412109e-01
4.575765132904052734e-01
4.630532264709472656e-01
4.714355468750000000e-01
4.428176879882812500e-01
4.669361114501953125e-01
4.391918182373046875e-01
4.537069797515869141e-01
4.400491714477539062e-01
4.480159282684326172e-01
4.456653594970703125e-01
4.575579166412353516e-01
4.617261886596679688e-01
4.421205520629882812e-01
4.494192600250244141e-01
4.305124282836914062e-01
4.475617408752441406e-01
4.469211101531982422e-01
4.729468822479248047e-01
4.794626235961914062e-01
4.414517879486083984e-01
4.592101573944091797e-01
4.834582805633544922e-01
4.619240760803222656e-01
4.449248313903808594e-01
4.479157924652099609e-01
4.558367729187011719e-01
4.575088024139404297e-01
4.447040557861328125e-01
4.460167884826660156e-01
4.517762660980224609e-01
4.490237236022949219e-01
4.522130489349365234e-01
4.678926467895507812e-01
4.461152553558349609e-01
4.369401931762695312e-01
4.445264339447021484e-01
4.676587581634521484e-01
4.477515220642089844e-01
4.559509754180908203e-01
4.506032466888427734e-01
4.574835300445556641e-01
4.635915756225585938e-01
4.647576808929443359e-01
4.631540775299072266e-01
4.796187877655029297e-01
4.547033309936523438e-01
4.725382328033447266e-01
4.501051902770996094e-01
4.429671764373779297e-01
4.446196556091308594e-01
4.676597118377685547e-01
4.432127475738525391e-01
4.640681743621826172e-01
4.410254955291748047e-01
4.551723003387451172e-01
4.616620540618896484e-01
4.551613330841064453e-01
4.469566345214843750e-01
4.594216346740722656e-01
4.522874355316162109e-01
4.598424434661865234e-01
4.595787525177001953e-01
4.792330265045166016e-01
4.514331817626953125e-01
4.409949779510498047e-01
4.470999240875244141e-01
4.457924365997314453e-01
4.488532543182373047e-01
4.528856277465820312e-01
4.635605812072753906e-01
4.773836135864257812e-01
4.532630443572998047e-01
4.420833587646484375e-01
4.554665088653564453e-01
4.810490608215332031e-01
4.410979747772216797e-01
4.492020606994628906e-01
4.597804546356201172e-01
4.492785930633544922e-01
4.644176959991455078e-01
4.488704204559326172e-01
4.552714824676513672e-01
4.638655185699462891e-01
4.522511959075927734e-01
4.444129467010498047e-01
4.596352577209472656e-01
4.521253108978271484e-01
4.657561779022216797e-01
4.519078731536865234e-01
4.541704654693603516e-01
4.555125236511230469e-01
4.453711509704589844e-01
4.559245109558105469e-01
4.609489440917968750e-01
4.828975200653076172e-01
4.612896442413330078e-01
4.578661918640136719e-01
4.408674240112304688e-01
4.543526172637939453e-01
4.546580314636230469e-01
4.513993263244628906e-01
4.590163230895996094e-01
4.386045932769775391e-01
4.485964775085449219e-01
4.474613666534423828e-01
4.613230228424072266e-01
4.603495597839355469e-01
4.576308727264404297e-01
4.490430355072021484e-01
3.976829051971435547e-01
4.672033786773681641e-01
4.673404693603515625e-01
4.701855182647705078e-01
4.517133235931396484e-01
4.519829750061035156e-01
4.539749622344970703e-01
4.579298496246337891e-01
4.493000507354736328e-01
4.691789150238037109e-01
4.524557590484619141e-01
4.607250690460205078e-01
4.585404396057128906e-01
