4.646518230438232422e-01
4.561409950256347656e-01
4.721786975860595703e-01
4.531056880950927734e-01
4.610359668731689453e-01
4.698784351348876953e-01
4.738252162933349609e-01
4.576098918914794922e-01
4.475350379943847656e-01
4.682297706604003906e-01
4.699563980102539062e-01
4.406492710113525391e-01
4.667937755584716797e-01
4.720294475555419922e-01
4.674308300018310547e-01
4.688868522644042969e-01
4.676876068115234375e-01
4.682173728942871094e-01
4.644224643707275391e-01
4.708340167999267578e-01
4.686510562896728516e-01
4.714474678039550781e-01
4.665088653564453125e-01
4.577720165252685547e-01
4.667427539825439453e-01
4.706897735595703125e-01
4.520943164825439453e-01
4.702270030975341797e-01
4.546921253204345703e-01
4.501476287841796875e-01
4.726514816284179688e-01
4.562091827392578125e-01
4.820282459259033203e-01
4.736280441284179688e-01
4.600310325622558594e-01
4.612786769866943359e-01
4.641852378845214844e-01
4.529480934143066406e-01
4.789891242980957031e-01
4.785542488098144531e-01
4.640316963195800781e-01
4.622468948364257812e-01
4.441723823547363281e-01
4.719052314758300781e-01
4.706251621246337891e-01
4.840657711029052734e-01
4.654307365417480469e-01
4.799668788909912109e-01
4.820992946624755859e-01
4.519703388214111328e-01
4.511504173278808594e-01
4.631001949310302734e-01
4.542086124420166016e-01
4.731848239898681641e-01
4.755206108093261719e-01
4.619932174682617188e-01
4.645540714263916016e-01
4.795298576354980469e-01
4.517822265625000000e-01
4.482104778289794922e-01
4.797148704528808594e-01
4.620923995971679688e-01
4.648704528808593750e-01
4.668457508087158203e-01
4.543876647949218750e-01
4.578561782836914062e-01
4.675843715667724609e-01
4.591796398162841797e-01
4.677243232727050781e-01
4.719440937042236328e-01
4.826581478118896484e-01
4.674735069274902344e-01
4.629080295562744141e-01
4.676465988159179688e-01
4.455726146697998047e-01
4.625661373138427734e-01
4.579579830169677734e-01
4.472649097442626953e-01
4.692142009735107422e-01
4.607343673706054688e-01
4.645667076110839844e-01
4.821610450744628906e-01
4.672813415527343750e-01
4.572060108184814453e-01
4.651851654052734375e-01
4.449326992034912109e-01
4.657325744628906250e-01
4.945788383483886719e-01
4.561293125152587891e-01
4.821338653564453125e-01
4.742856025695800781e-01
4.154522418975830078e-01
4.755098819732666016e-01
4.827599525451660156e-01
4.673261642456054688e-01
4.605209827423095703e-01
4.621531963348388672e-01
4.903337955474853516e-01
4.766492843627929688e-01
4.700009822845458984e-01
4.793567657470703125e-01
4.679260253906250000e-01
4.513642787933349609e-01
4.642090797424316406e-01
4.502117633819580078e-01
4.582350254058837891e-01
4.498503208160400391e-01
4.474947452545166016e-01
4.547617435455322266e-01
4.639444351196289062e-01
4.566717147827148438e-01
4.489426612854003906e-01
4.682583808898925781e-01
4.631998538970947266e-01
4.620962142944335938e-01
4.695091247558593750e-01
4.621322154998779297e-01
4.689333438873291016e-01
4.589581489562988281e-01
4.538402557373046875e-01
4.633638858795166016e-01
4.559228420257568359e-01
4.543395042419433594e-01
4.536964893341064453e-01
4.598827362060546875e-01
4.479448795318603516e-01
4.499175548553466797e-01
4.580190181732177734e-01
4.479899406433105469e-01
4.648933410644531250e-01
4.500432014465332031e-01
4.569430351257324219e-01
4.641540050506591797e-01
4.615330696105957031e-01
4.500000476837158203e-01
4.971294403076171875e-01
4.541709423065185547e-01
4.774475097656250000e-01
4.491989612579345703e-01
4.589190483093261719e-01
4.539127349853515625e-01
4.619343280792236328e-01
4.746463298797607422e-01
4.776806831359863281e-01
4.723649024963378906e-01
4.575037956237792969e-01
4.540231227874755859e-01
4.622113704681396484e-01
4.623062610626220703e-01
4.721329212188720703e-01
4.649968147277832031e-01
4.600877761840820312e-01
4.624106884002685547e-01
4.588038921356201172e-01
4.583051204681396484e-01
4.530174732208251953e-01
4.533205032348632812e-01
4.581544399261474609e-01
4.554567337036132812e-01
4.356999397277832031e-01
4.710941314697265625e-01
4.769277572631835938e-01
4.510157108306884766e-01
4.681470394134521484e-01
4.579436779022216797e-01
4.633262157440185547e-01
4.647426605224609375e-01
4.657790660858154297e-01
4.502182006835937500e-01
4.682989120483398438e-01
4.595663547515869141e-01
4.517920017242431641e-01
4.488656520843505859e-01
4.813551902770996094e-01
4.625868797302246094e-01
4.690985679626464844e-01
4.649653434753417969e-01
4.739363193511962891e-01
4.718060493469238281e-01
4.721434116363525391e-01
4.470472335815429688e-01
4.808416366577148438e-01
4.646170139312744141e-01
4.592819213867187500e-01
4.663441181182861328e-01
4.586925506591796875e-01
4.714272022247314453e-01
4.596025943756103516e-01
4.705779552459716797e-01
4.667885303497314453e-01
4.691488742828369141e-01
4.580316543579101562e-01
4.547977447509765625e-01
4.820616245269775391e-01
4.737408161163330078e-01
5.287940502166748047e-01
4.615807533264160156e-01
4.668869972229003906e-01
4.806857109069824219e-01
4.653856754302978516e-01
5.589425563812255859e-01
4.501719474792480469e-01
4.528877735137939453e-01
4.604332447052001953e-01
4.579508304595947266e-01
4.819869995117187500e-01
4.639332294464111328e-01
4.615383148193359375e-01
4.628219604492187500e-01
4.566826820373535156e-01
4.738371372222900391e-01
4.820604324340820312e-01
4.606359004974365234e-01
4.885942935943603516e-01
4.896519184112548828e-01
4.629726409912109375e-01
4.758045673370361328e-01
4.709825515747070312e-01
4.653396606445312500e-01
4.719815254211425781e-01
4.605314731597900391e-01
