4.381237030029296875e-01
4.198393821716308594e-01
4.301917552947998047e-01
4.226379394531250000e-01
4.387357234954833984e-01
4.304387569427490234e-01
4.447693824768066406e-01
4.188268184661865234e-01
4.375507831573486328e-01
4.514791965484619141e-01
4.331274032592773438e-01
4.493291378021240234e-01
4.511139392852783203e-01
4.573187828063964844e-01
4.419095516204833984e-01
4.463646411895751953e-01
4.021522998809814453e-01
4.355235099792480469e-01
4.265286922454833984e-01
3.125660419464111328e-01
4.149706363677978516e-01
4.459121227264404297e-01
4.191501140594482422e-01
4.407444000244140625e-01
4.409372806549072266e-01
4.298772811889648438e-01
4.336693286895751953e-01
4.394943714141845703e-01
4.272298812866210938e-01
4.294879436492919922e-01
4.434146881103515625e-01
4.455935955047607422e-01
4.470243453979492188e-01
4.477086067199707031e-01
4.379534721374511719e-01
4.393072128295898438e-01
4.493875503540039062e-01
4.317197799682617188e-01
4.484214782714843750e-01
4.303388595581054688e-01
4.291656017303466797e-01
4.411978721618652344e-01
4.466056823730468750e-01
4.528801441192626953e-01
4.339203834533691406e-01
4.498295783996582031e-01
4.452970027923583984e-01
4.485552310943603516e-01
4.684767723083496094e-01
4.286732673645019531e-01
4.268128871917724609e-01
4.317948818206787109e-01
4.512286186218261719e-01
4.363670349121093750e-01
4.325234889984130859e-01
4.421455860137939453e-01
4.338281154632568359e-01
4.441256523132324219e-01
4.270832538604736328e-01
4.288122653961181641e-01
4.474973678588867188e-01
4.347770214080810547e-01
4.266946315765380859e-01
4.482960700988769531e-01
4.372549057006835938e-01
4.352378845214843750e-01
4.592869281768798828e-01
4.159770011901855469e-01
4.555876255035400391e-01
4.455866813659667969e-01
4.375243186950683594e-01
4.389896392822265625e-01
4.267568588256835938e-01
4.386429786682128906e-01
4.297363758087158203e-01
4.247441291809082031e-01
4.497127532958984375e-01
4.369597434997558594e-01
4.410095214843750000e-01
4.528083801269531250e-01
4.426462650299072266e-01
4.505555629730224609e-01
4.314284324645996094e-01
4.343554973602294922e-01
4.451317787170410156e-01
3.765718936920166016e-01
4.544417858123779297e-01
4.546947479248046875e-01
4.302647113800048828e-01
4.539117813110351562e-01
4.522867202758789062e-01
4.280574321746826172e-01
4.431920051574707031e-01
4.545764923095703125e-01
4.484398365020751953e-01
4.380030632019042969e-01
4.389846324920654297e-01
4.459860324859619141e-01
4.520077705383300781e-01
4.411962032318115234e-01
4.477527141571044922e-01
4.527091979980468750e-01
4.430215358734130859e-01
4.439213275909423828e-01
4.337496757507324219e-01
4.390048980712890625e-01
4.398753643035888672e-01
4.339973926544189453e-01
4.417271614074707031e-01
4.413321018218994141e-01
4.425644874572753906e-01
4.391093254089355469e-01
4.346563816070556641e-01
4.294829368591308594e-01
4.457788467407226562e-01
4.667758941650390625e-01
4.408559799194335938e-01
4.611785411834716797e-01
4.210042953491210938e-01
4.357678890228271484e-01
4.482457637786865234e-01
4.408028125762939453e-01
4.388072490692138672e-01
4.359655380249023438e-01
4.249577522277832031e-01
4.338974952697753906e-01
4.266681671142578125e-01
4.302084445953369141e-01
4.555642604827880859e-01
4.267029762268066406e-01
4.344675540924072266e-01
4.675178527832031250e-01
4.290108680725097656e-01
4.378879070281982422e-01
4.557685852050781250e-01
4.583065509796142578e-01
4.419474601745605469e-01
4.514133930206298828e-01
4.295351505279541016e-01
4.327301979064941406e-01
4.569709300994873047e-01
4.390511512756347656e-01
4.524505138397216797e-01
4.445657730102539062e-01
4.548947811126708984e-01
4.467260837554931641e-01
4.342579841613769531e-01
4.419639110565185547e-01
4.446132183074951172e-01
4.546887874603271484e-01
4.299097061157226562e-01
4.560413360595703125e-01
4.191384315490722656e-01
4.471821784973144531e-01
4.375340938568115234e-01
4.331200122833251953e-01
3.890452384948730469e-01
4.508635997772216797e-01
4.302051067352294922e-01
4.250223636627197266e-01
4.394638538360595703e-01
4.487354755401611328e-01
4.307847023010253906e-01
4.439489841461181641e-01
4.397084712982177734e-01
4.406247138977050781e-01
4.365980625152587891e-01
4.425098896026611328e-01
4.430048465728759766e-01
4.480910301208496094e-01
4.285986423492431641e-01
4.276957511901855469e-01
4.338505268096923828e-01
4.437980651855468750e-01
4.413950443267822266e-01
4.251487255096435547e-01
4.360506534576416016e-01
4.431302547454833984e-01
4.490933418273925781e-01
4.480724334716796875e-01
4.329676628112792969e-01
4.583621025085449219e-01
4.360208511352539062e-01
4.337852001190185547e-01
4.366843700408935547e-01
4.338223934173583984e-01
4.506220817565917969e-01
4.313294887542724609e-01
4.393601417541503906e-01
4.310314655303955078e-01
4.273283481597900391e-01
4.383535385131835938e-01
4.122900962829589844e-01
4.375886917114257812e-01
4.430129528045654297e-01
4.411814212799072266e-01
4.336857795715332031e-01
4.377422332763671875e-01
4.340305328369140625e-01
4.120934009552001953e-01
4.451684951782226562e-01
4.254665374755859375e-01
4.556028842926025391e-01
4.447755813598632812e-01
4.357774257659912109e-01
4.351065158843994141e-01
4.311392307281494141e-01
4.284560680389404297e-01
4.562230110168457031e-01
4.314713478088378906e-01
4.496688842773437500e-01
4.319810867309570312e-01
4.322988986968994141e-01
4.555675983428955078e-01
4.275519847869873047e-01
4.483211040496826172e-01
4.468145370483398438e-01
4.260532855987548828e-01
4.267497062683105469e-01
4.369409084320068359e-01
4.378848075866699219e-01
