2.120399475097656250e-02
1.875972747802734375e-02
1.857423782348632812e-02
2.201271057128906250e-02
1.698899269104003906e-02
1.778483390808105469e-02
1.651334762573242188e-02
1.837038993835449219e-02
2.019309997558593750e-02
1.932859420776367188e-02
1.780223846435546875e-02
1.841640472412109375e-02
1.903676986694335938e-02
1.775121688842773438e-02
1.763534545898437500e-02
1.757550239562988281e-02
1.727938652038574219e-02
1.670694351196289062e-02
1.622748374938964844e-02
1.671028137207031250e-02
1.731371879577636719e-02
1.689887046813964844e-02
1.676630973815917969e-02
1.581192016601562500e-02
1.703286170959472656e-02
1.688718795776367188e-02
1.644945144653320312e-02
1.682162284851074219e-02
1.765418052673339844e-02
1.764011383056640625e-02
2.281308174133300781e-02
1.639509201049804688e-02
1.897025108337402344e-02
1.775813102722167969e-02
1.743721961975097656e-02
1.734948158264160156e-02
1.619529724121093750e-02
1.841902732849121094e-02
2.169084548950195312e-02
2.157139778137207031e-02
1.656389236450195312e-02
1.583075523376464844e-02
1.815485954284667969e-02
1.708674430847167969e-02
1.736879348754882812e-02
1.709222793579101562e-02
1.748442649841308594e-02
1.811957359313964844e-02
1.886987686157226562e-02
1.665210723876953125e-02
1.965308189392089844e-02
1.588106155395507812e-02
1.953816413879394531e-02
2.265214920043945312e-02
2.232146263122558594e-02
1.747703552246093750e-02
1.755380630493164062e-02
1.939582824707031250e-02
2.090263366699218750e-02
1.610827445983886719e-02
1.833391189575195312e-02
1.625823974609375000e-02
1.749730110168457031e-02
1.735544204711914062e-02
1.647615432739257812e-02
1.681089401245117188e-02
1.671290397644042969e-02
1.826643943786621094e-02
1.672101020812988281e-02
1.826906204223632812e-02
1.758265495300292969e-02
1.713466644287109375e-02
1.742672920227050781e-02
1.918387413024902344e-02
1.760387420654296875e-02
2.059602737426757812e-02
1.582670211791992188e-02
1.640939712524414062e-02
1.645851135253906250e-02
1.941490173339843750e-02
1.670336723327636719e-02
1.738786697387695312e-02
1.684665679931640625e-02
1.641249656677246094e-02
1.698827743530273438e-02
1.683521270751953125e-02
1.751804351806640625e-02
1.740860939025878906e-02
1.621580123901367188e-02
1.763248443603515625e-02
1.893281936645507812e-02
1.696705818176269531e-02
1.836633682250976562e-02
1.781439781188964844e-02
2.160501480102539062e-02
2.232885360717773438e-02
1.652407646179199219e-02
1.788043975830078125e-02
1.639819145202636719e-02
1.840066909790039062e-02
1.739454269409179688e-02
1.716184616088867188e-02
1.749873161315917969e-02
1.642036437988281250e-02
1.659488677978515625e-02
1.699495315551757812e-02
1.765775680541992188e-02
1.850605010986328125e-02
1.991295814514160156e-02
1.764082908630371094e-02
1.739788055419921875e-02
1.696443557739257812e-02
1.808810234069824219e-02
1.630592346191406250e-02
1.737666130065917969e-02
1.818060874938964844e-02
1.691699028015136719e-02
1.837396621704101562e-02
1.611185073852539062e-02
1.738905906677246094e-02
1.959347724914550781e-02
1.644325256347656250e-02
1.741600036621093750e-02
1.715397834777832031e-02
1.797509193420410156e-02
1.715397834777832031e-02
1.622509956359863281e-02
1.668763160705566406e-02
2.131795883178710938e-02
1.670742034912109375e-02
1.853799819946289062e-02
1.656174659729003906e-02
1.698994636535644531e-02
1.651358604431152344e-02
1.647377014160156250e-02
2.037739753723144531e-02
1.800346374511718750e-02
1.836085319519042969e-02
2.651572227478027344e-02
1.717877388000488281e-02
1.700472831726074219e-02
1.616811752319335938e-02
1.850700378417968750e-02
1.721119880676269531e-02
1.791143417358398438e-02
1.693058013916015625e-02
1.646924018859863281e-02
1.726794242858886719e-02
1.704978942871093750e-02
1.821827888488769531e-02
1.958274841308593750e-02
1.954889297485351562e-02
1.972723007202148438e-02
1.627349853515625000e-02
1.578187942504882812e-02
2.061462402343750000e-02
2.175188064575195312e-02
1.681447029113769531e-02
1.727366447448730469e-02
1.716804504394531250e-02
1.631641387939453125e-02
1.760435104370117188e-02
1.704049110412597656e-02
1.593899726867675781e-02
1.727318763732910156e-02
1.712894439697265625e-02
1.917648315429687500e-02
1.666760444641113281e-02
1.633977890014648438e-02
1.850867271423339844e-02
1.836109161376953125e-02
1.513957977294921875e-02
1.732397079467773438e-02
1.677417755126953125e-02
2.014088630676269531e-02
2.043843269348144531e-02
1.630043983459472656e-02
1.783370971679687500e-02
1.631259918212890625e-02
1.677036285400390625e-02
1.846265792846679688e-02
1.951909065246582031e-02
1.655697822570800781e-02
1.628804206848144531e-02
1.660609245300292969e-02
1.715731620788574219e-02
1.659798622131347656e-02
1.683759689331054688e-02
1.649022102355957031e-02
1.674509048461914062e-02
1.705980300903320312e-02
1.621985435485839844e-02
1.769208908081054688e-02
1.654529571533203125e-02
1.759409904479980469e-02
1.770472526550292969e-02
1.626420021057128906e-02
1.661276817321777344e-02
1.573872566223144531e-02
1.726031303405761719e-02
1.701021194458007812e-02
1.613259315490722656e-02
1.627373695373535156e-02
1.620340347290039062e-02
1.728916168212890625e-02
1.624059677124023438e-02
1.652288436889648438e-02
1.650547981262207031e-02
1.587271690368652344e-02
1.875400543212890625e-02
2.114391326904296875e-02
1.655650138854980469e-02
1.664352416992187500e-02
1.635026931762695312e-02
1.899719238281250000e-02
1.570534706115722656e-02
1.717162132263183594e-02
1.722621917724609375e-02
1.634335517883300781e-02
1.667642593383789062e-02
1.742792129516601562e-02
