7.611918449401855469e-02
6.861686706542968750e-02
6.781244277954101562e-02
7.221579551696777344e-02
3.286526203155517578e-01
7.640290260314941406e-02
2.798831462860107422e-01
7.312750816345214844e-02
7.009482383728027344e-02
7.282447814941406250e-02
8.362936973571777344e-02
8.117365837097167969e-02
8.382058143615722656e-02
8.702063560485839844e-02
2.967207431793212891e-01
2.900159358978271484e-01
8.699655532836914062e-02
7.938814163208007812e-02
7.792425155639648438e-02
7.337594032287597656e-02
7.119154930114746094e-02
8.875155448913574219e-02
8.101916313171386719e-02
2.838935852050781250e-01
7.652401924133300781e-02
7.412052154541015625e-02
6.433296203613281250e-02
6.523442268371582031e-02
6.966924667358398438e-02
7.520437240600585938e-02
9.660363197326660156e-02
6.968116760253906250e-02
1.006169319152832031e-01
9.620332717895507812e-02
8.557415008544921875e-02
7.467412948608398438e-02
3.186819553375244141e-01
6.679129600524902344e-02
9.475946426391601562e-02
7.721495628356933594e-02
1.164736747741699219e-01
7.060647010803222656e-02
7.855248451232910156e-02
3.547518253326416016e-01
8.564567565917968750e-02
1.142053604125976562e-01
1.257255077362060547e-01
1.059441566467285156e-01
1.112008094787597656e-01
7.353401184082031250e-02
7.908797264099121094e-02
7.711720466613769531e-02
7.404470443725585938e-02
1.165430545806884766e-01
9.430718421936035156e-02
7.184576988220214844e-02
7.106041908264160156e-02
1.166517734527587891e-01
7.000184059143066406e-02
6.820130348205566406e-02
9.495949745178222656e-02
3.382830619812011719e-01
9.817075729370117188e-02
3.017480373382568359e-01
6.566262245178222656e-02
6.388282775878906250e-02
9.535670280456542969e-02
6.045842170715332031e-02
7.242584228515625000e-02
9.080934524536132812e-02
6.567263603210449219e-02
8.145785331726074219e-02
6.948184967041015625e-02
6.686925888061523438e-02
6.924200057983398438e-02
5.073189735412597656e-02
6.109166145324707031e-02
7.905054092407226562e-02
8.901357650756835938e-02
8.478736877441406250e-02
7.189083099365234375e-02
9.957814216613769531e-02
6.637716293334960938e-02
9.352445602416992188e-02
7.803463935852050781e-02
6.405568122863769531e-02
8.719396591186523438e-02
1.055021286010742188e-01
6.483221054077148438e-02
3.620216846466064453e-01
8.493733406066894531e-02
7.437896728515625000e-02
8.559346199035644531e-02
1.017739772796630859e-01
1.066281795501708984e-01
7.635807991027832031e-02
7.545709609985351562e-02
1.206066608428955078e-01
2.810051441192626953e-01
9.945178031921386719e-02
9.960651397705078125e-02
1.091639995574951172e-01
7.159471511840820312e-02
7.901883125305175781e-02
6.212997436523437500e-02
6.723189353942871094e-02
6.879138946533203125e-02
7.231760025024414062e-02
7.456326484680175781e-02
8.398365974426269531e-02
8.104181289672851562e-02
7.895922660827636719e-02
7.467365264892578125e-02
9.393548965454101562e-02
6.804060935974121094e-02
8.673501014709472656e-02
1.129369735717773438e-01
1.050286293029785156e-01
7.263588905334472656e-02
7.504463195800781250e-02
9.029960632324218750e-02
7.555246353149414062e-02
6.338977813720703125e-02
7.100677490234375000e-02
6.826400756835937500e-02
7.230329513549804688e-02
6.832718849182128906e-02
7.264924049377441406e-02
6.419801712036132812e-02
6.988191604614257812e-02
6.023859977722167969e-02
3.446569442749023438e-01
6.398677825927734375e-02
6.647825241088867188e-02
6.819915771484375000e-02
9.828209877014160156e-02
7.001781463623046875e-02
8.995866775512695312e-02
6.760883331298828125e-02
7.109332084655761719e-02
8.909392356872558594e-02
7.509946823120117188e-02
9.409379959106445312e-02
3.552641868591308594e-01
1.053586006164550781e-01
9.191203117370605469e-02
8.337569236755371094e-02
8.443474769592285156e-02
7.325387001037597656e-02
1.083052158355712891e-01
7.862257957458496094e-02
9.164786338806152344e-02
6.793117523193359375e-02
6.973242759704589844e-02
6.112122535705566406e-02
5.892920494079589844e-02
7.330942153930664062e-02
7.221770286560058594e-02
7.155036926269531250e-02
7.024621963500976562e-02
9.996843338012695312e-02
1.127071380615234375e-01
6.634879112243652344e-02
8.262038230895996094e-02
6.835055351257324219e-02
7.902002334594726562e-02
7.333064079284667969e-02
6.759166717529296875e-02
7.560110092163085938e-02
9.037685394287109375e-02
6.939244270324707031e-02
5.500245094299316406e-02
6.401634216308593750e-02
8.448505401611328125e-02
6.431746482849121094e-02
6.964564323425292969e-02
8.151125907897949219e-02
9.044981002807617188e-02
9.629368782043457031e-02
7.442498207092285156e-02
7.857918739318847656e-02
3.537087440490722656e-01
5.544972419738769531e-02
7.987213134765625000e-02
7.904815673828125000e-02
7.237410545349121094e-02
7.953333854675292969e-02
7.146167755126953125e-02
7.961034774780273438e-02
8.396315574645996094e-02
6.771683692932128906e-02
7.997369766235351562e-02
3.309085369110107422e-01
9.668660163879394531e-02
7.041859626770019531e-02
7.889318466186523438e-02
7.445597648620605469e-02
7.168173789978027344e-02
6.886553764343261719e-02
6.482052803039550781e-02
8.783841133117675781e-02
5.379223823547363281e-02
6.120944023132324219e-02
6.246542930603027344e-02
7.145929336547851562e-02
7.469773292541503906e-02
6.538987159729003906e-02
7.218980789184570312e-02
8.218884468078613281e-02
6.594491004943847656e-02
9.242582321166992188e-02
7.744860649108886719e-02
6.723785400390625000e-02
7.402062416076660156e-02
7.977533340454101562e-02
5.811929702758789062e-02
9.506487846374511719e-02
8.477377891540527344e-02
6.678080558776855469e-02
3.284926414489746094e-01
8.849668502807617188e-02
