2.074484825134277344e-01
1.308019161224365234e-01
1.271817684173583984e-01
1.361083984375000000e-01
1.901333332061767578e-01
1.500277519226074219e-01
1.468539237976074219e-01
1.811711788177490234e-01
1.384451389312744141e-01
1.418242454528808594e-01
1.890509128570556641e-01
1.442165374755859375e-01
1.647541522979736328e-01
2.148711681365966797e-01
1.775398254394531250e-01
2.103164196014404297e-01
1.794176101684570312e-01
1.601552963256835938e-01
1.662914752960205078e-01
1.468076705932617188e-01
1.346993446350097656e-01
1.510899066925048828e-01
1.836085319519042969e-01
1.457858085632324219e-01
1.576802730560302734e-01
1.915609836578369141e-01
1.388962268829345703e-01
1.249177455902099609e-01
1.737823486328125000e-01
1.471209526062011719e-01
1.832649707794189453e-01
1.729295253753662109e-01
2.070283889770507812e-01
2.149627208709716797e-01
1.525113582611083984e-01
1.586849689483642578e-01
1.456933021545410156e-01
1.827893257141113281e-01
1.711416244506835938e-01
1.869885921478271484e-01
1.512744426727294922e-01
1.526319980621337891e-01
1.396443843841552734e-01
2.247016429901123047e-01
1.871774196624755859e-01
2.498893737792968750e-01
1.983163356781005859e-01
2.522156238555908203e-01
2.012143135070800781e-01
1.491141319274902344e-01
1.857004165649414062e-01
1.413962841033935547e-01
1.404852867126464844e-01
2.399969100952148438e-01
1.675078868865966797e-01
1.950907707214355469e-01
1.425952911376953125e-01
2.108609676361083984e-01
1.789393424987792969e-01
1.234829425811767578e-01
1.938078403472900391e-01
2.202761173248291016e-01
1.931381225585937500e-01
2.362582683563232422e-01
1.373803615570068359e-01
1.276648044586181641e-01
2.096083164215087891e-01
1.162402629852294922e-01
1.567745208740234375e-01
2.226779460906982422e-01
1.381371021270751953e-01
1.678688526153564453e-01
1.917107105255126953e-01
1.356625556945800781e-01
1.532640457153320312e-01
1.071653366088867188e-01
1.501111984252929688e-01
1.379070281982421875e-01
1.624293327331542969e-01
2.055895328521728516e-01
1.557140350341796875e-01
1.987514495849609375e-01
1.566817760467529297e-01
1.603682041168212891e-01
1.645195484161376953e-01
1.682355403900146484e-01
1.666963100433349609e-01
1.943137645721435547e-01
1.452224254608154297e-01
1.989591121673583984e-01
2.134828567504882812e-01
1.700937747955322266e-01
1.701276302337646484e-01
2.389211654663085938e-01
1.956832408905029297e-01
2.003242969512939453e-01
1.387586593627929688e-01
2.204222679138183594e-01
1.985225677490234375e-01
1.955723762512207031e-01
2.333450317382812500e-01
2.160923480987548828e-01
1.343979835510253906e-01
1.902949810028076172e-01
1.264853477478027344e-01
1.432435512542724609e-01
1.965105533599853516e-01
1.359796524047851562e-01
1.311821937561035156e-01
1.702730655670166016e-01
1.761791706085205078e-01
1.530458927154541016e-01
1.516993045806884766e-01
2.002332210540771484e-01
1.228618621826171875e-01
1.798133850097656250e-01
2.390785217285156250e-01
1.963193416595458984e-01
1.743047237396240234e-01
1.395068168640136719e-01
1.943399906158447266e-01
1.931824684143066406e-01
1.333773136138916016e-01
1.416385173797607422e-01
1.900868415832519531e-01
1.380448341369628906e-01
1.391377449035644531e-01
1.278917789459228516e-01
1.680459976196289062e-01
1.343050003051757812e-01
1.190013885498046875e-01
2.361884117126464844e-01
1.331055164337158203e-01
1.303606033325195312e-01
1.665177345275878906e-01
1.965274810791015625e-01
1.260244846343994141e-01
2.117540836334228516e-01
1.349043846130371094e-01
1.536996364593505859e-01
1.987690925598144531e-01
1.632063388824462891e-01
1.838781833648681641e-01
2.428424358367919922e-01
2.172839641571044922e-01
2.096714973449707031e-01
1.651761531829833984e-01
1.663665771484375000e-01
1.740367412567138672e-01
1.943216323852539062e-01
1.561727523803710938e-01
2.072346210479736328e-01
1.456642150878906250e-01
1.854603290557861328e-01
1.238751411437988281e-01
1.222798824310302734e-01
1.449506282806396484e-01
1.767890453338623047e-01
1.401705741882324219e-01
1.385765075683593750e-01
2.507474422454833984e-01
2.287375926971435547e-01
1.333360671997070312e-01
1.881875991821289062e-01
1.371901035308837891e-01
1.466300487518310547e-01
1.720705032348632812e-01
1.236803531646728516e-01
1.541309356689453125e-01
2.346770763397216797e-01
1.274321079254150391e-01
9.793949127197265625e-02
1.820328235626220703e-01
1.805891990661621094e-01
1.262247562408447266e-01
1.297008991241455078e-01
1.930265426635742188e-01
1.673130989074707031e-01
2.273459434509277344e-01
1.567733287811279297e-01
1.606984138488769531e-01
2.424654960632324219e-01
1.161401271820068359e-01
1.546208858489990234e-01
1.871585845947265625e-01
1.460895538330078125e-01
1.551852226257324219e-01
1.923022270202636719e-01
1.641142368316650391e-01
1.509983539581298828e-01
1.757869720458984375e-01
1.472580432891845703e-01
1.542406082153320312e-01
2.220301628112792969e-01
1.506807804107666016e-01
1.589074134826660156e-01
1.839294433593750000e-01
1.377019882202148438e-01
1.403281688690185547e-01
1.335849761962890625e-01
1.957271099090576172e-01
1.089434623718261719e-01
1.161029338836669922e-01
1.676380634307861328e-01
1.380395889282226562e-01
1.638965606689453125e-01
1.310489177703857422e-01
1.809084415435791016e-01
1.646566390991210938e-01
1.371569633483886719e-01
2.215099334716796875e-01
1.439597606658935547e-01
1.355326175689697266e-01
1.943836212158203125e-01
1.582834720611572266e-01
1.157922744750976562e-01
2.230753898620605469e-01
1.482608318328857422e-01
1.213133335113525391e-01
2.028238773345947266e-01
1.584024429321289062e-01
