7.603335380554199219e-02
7.366943359375000000e-02
6.527471542358398438e-02
7.307267189025878906e-02
8.825230598449707031e-02
9.259295463562011719e-02
8.006119728088378906e-02
8.084797859191894531e-02
7.603430747985839844e-02
7.335615158081054688e-02
8.387088775634765625e-02
7.048869132995605469e-02
9.231829643249511719e-02
8.726787567138671875e-02
8.697867393493652344e-02
2.879118919372558594e-01
8.340620994567871094e-02
7.966136932373046875e-02
6.255078315734863281e-02
7.109642028808593750e-02
7.293987274169921875e-02
8.357882499694824219e-02
8.741188049316406250e-02
7.772803306579589844e-02
8.023166656494140625e-02
7.497453689575195312e-02
6.640315055847167969e-02
7.332873344421386719e-02
7.263994216918945312e-02
7.513999938964843750e-02
8.611893653869628906e-02
7.958602905273437500e-02
1.122529506683349609e-01
8.253479003906250000e-02
8.269333839416503906e-02
7.047080993652343750e-02
7.167840003967285156e-02
7.085537910461425781e-02
8.436203002929687500e-02
7.541847229003906250e-02
7.713246345520019531e-02
7.140374183654785156e-02
7.261729240417480469e-02
1.085419654846191406e-01
9.293818473815917969e-02
1.118719577789306641e-01
1.096541881561279297e-01
1.067843437194824219e-01
1.075963973999023438e-01
7.138800621032714844e-02
7.758784294128417969e-02
7.871747016906738281e-02
7.693958282470703125e-02
9.680581092834472656e-02
3.336687088012695312e-01
7.260298728942871094e-02
7.100462913513183594e-02
1.060039997100830078e-01
7.477045059204101562e-02
6.720376014709472656e-02
1.049969196319580078e-01
8.982777595520019531e-02
1.015193462371826172e-01
9.405946731567382812e-02
6.453418731689453125e-02
6.493639945983886719e-02
8.803915977478027344e-02
6.248950958251953125e-02
7.648372650146484375e-02
8.565139770507812500e-02
7.768177986145019531e-02
8.844614028930664062e-02
7.635259628295898438e-02
6.714153289794921875e-02
6.692242622375488281e-02
5.526423454284667969e-02
5.685830116271972656e-02
7.511448860168457031e-02
8.715009689331054688e-02
8.619976043701171875e-02
7.161998748779296875e-02
3.077766895294189453e-01
6.996440887451171875e-02
8.883976936340332031e-02
8.612966537475585938e-02
6.647086143493652344e-02
7.881712913513183594e-02
9.853649139404296875e-02
5.673027038574218750e-02
1.025016307830810547e-01
8.662915229797363281e-02
7.777452468872070312e-02
8.367371559143066406e-02
3.651511669158935547e-01
1.036422252655029297e-01
3.254528045654296875e-01
6.405425071716308594e-02
1.021289825439453125e-01
7.865190505981445312e-02
1.023035049438476562e-01
9.767842292785644531e-02
1.131522655487060547e-01
7.595705986022949219e-02
8.066534996032714844e-02
6.719422340393066406e-02
7.598972320556640625e-02
7.763171195983886719e-02
7.036256790161132812e-02
6.648039817810058594e-02
8.703041076660156250e-02
6.862616539001464844e-02
7.735347747802734375e-02
7.701754570007324219e-02
7.574629783630371094e-02
2.672357559204101562e-01
8.836913108825683594e-02
1.066074371337890625e-01
1.127462387084960938e-01
6.548476219177246094e-02
3.119091987609863281e-01
8.872580528259277344e-02
7.814550399780273438e-02
6.410503387451171875e-02
7.057929039001464844e-02
8.051586151123046875e-02
7.179880142211914062e-02
7.383227348327636719e-02
6.594657897949218750e-02
6.453299522399902344e-02
6.448054313659667969e-02
5.894064903259277344e-02
9.990406036376953125e-02
6.178832054138183594e-02
7.169485092163085938e-02
6.838130950927734375e-02
9.824109077453613281e-02
7.091116905212402344e-02
1.010291576385498047e-01
3.210012912750244141e-01
7.458925247192382812e-02
7.594633102416992188e-02
7.628631591796875000e-02
9.909963607788085938e-02
1.148254871368408203e-01
1.091132164001464844e-01
8.213806152343750000e-02
8.741617202758789062e-02
7.855534553527832031e-02
6.694388389587402344e-02
1.037490367889404297e-01
7.479453086853027344e-02
8.584785461425781250e-02
6.720566749572753906e-02
6.986045837402343750e-02
3.179697990417480469e-01
5.831074714660644531e-02
7.523798942565917969e-02
8.074903488159179688e-02
7.299613952636718750e-02
6.969094276428222656e-02
1.075165271759033203e-01
1.070363521575927734e-01
7.217693328857421875e-02
8.127236366271972656e-02
8.101201057434082031e-02
8.350110054016113281e-02
7.215452194213867188e-02
3.159835338592529297e-01
7.559037208557128906e-02
9.575581550598144531e-02
6.552553176879882812e-02
4.933071136474609375e-02
6.679916381835937500e-02
9.222435951232910156e-02
7.049155235290527344e-02
3.126387596130371094e-01
8.096146583557128906e-02
8.481645584106445312e-02
1.141195297241210938e-01
8.333563804626464844e-02
6.689476966857910156e-02
3.563725948333740234e-01
6.655693054199218750e-02
8.317756652832031250e-02
7.046627998352050781e-02
7.980895042419433594e-02
8.462834358215332031e-02
7.282900810241699219e-02
8.353018760681152344e-02
8.392262458801269531e-02
8.573961257934570312e-02
7.869911193847656250e-02
8.334493637084960938e-02
9.472584724426269531e-02
7.198810577392578125e-02
7.572793960571289062e-02
6.704401969909667969e-02
8.211231231689453125e-02
8.085703849792480469e-02
5.986571311950683594e-02
8.229708671569824219e-02
6.263399124145507812e-02
5.941534042358398438e-02
6.263303756713867188e-02
7.242107391357421875e-02
8.021903038024902344e-02
7.104086875915527344e-02
6.922960281372070312e-02
8.608889579772949219e-02
7.462835311889648438e-02
8.982110023498535156e-02
7.571983337402343750e-02
7.645153999328613281e-02
7.608437538146972656e-02
7.936787605285644531e-02
5.842518806457519531e-02
8.804202079772949219e-02
7.182574272155761719e-02
6.559252738952636719e-02
7.730436325073242188e-02
7.440495491027832031e-02
