2.696213722229003906e-01
1.850404739379882812e-01
1.788856983184814453e-01
2.330236434936523438e-01
2.001070976257324219e-01
2.498133182525634766e-01
2.112252712249755859e-01
2.386178970336914062e-01
1.859939098358154297e-01
2.482497692108154297e-01
2.184503078460693359e-01
2.361822128295898438e-01
2.324936389923095703e-01
2.664122581481933594e-01
2.306566238403320312e-01
2.644369602203369141e-01
2.640225887298583984e-01
2.299871444702148438e-01
1.639266014099121094e-01
2.512998580932617188e-01
1.868941783905029297e-01
2.469198703765869141e-01
1.970844268798828125e-01
2.289881706237792969e-01
2.061288356781005859e-01
2.363431453704833984e-01
1.910109519958496094e-01
2.180142402648925781e-01
1.767985820770263672e-01
1.895966529846191406e-01
2.844696044921875000e-01
1.891505718231201172e-01
3.170449733734130859e-01
2.517442703247070312e-01
2.248005867004394531e-01
2.318339347839355469e-01
1.953186988830566406e-01
2.173824310302734375e-01
2.241523265838623047e-01
2.312505245208740234e-01
1.870112419128417969e-01
2.369630336761474609e-01
1.868095397949218750e-01
3.035535812377929688e-01
2.472245693206787109e-01
3.094322681427001953e-01
3.310143947601318359e-01
2.678079605102539062e-01
3.198566436767578125e-01
1.998090744018554688e-01
2.250866889953613281e-01
2.166590690612792969e-01
2.368857860565185547e-01
3.011450767517089844e-01
2.395210266113281250e-01
2.368843555450439453e-01
1.850745677947998047e-01
3.236055374145507812e-01
1.872346401214599609e-01
2.201499938964843750e-01
2.599585056304931641e-01
2.883269786834716797e-01
3.200562000274658203e-01
2.444450855255126953e-01
2.350554466247558594e-01
1.840639114379882812e-01
2.730665206909179688e-01
1.565217971801757812e-01
2.231988906860351562e-01
2.461669445037841797e-01
2.354261875152587891e-01
2.296042442321777344e-01
2.273509502410888672e-01
1.869881153106689453e-01
1.913151741027832031e-01
1.906111240386962891e-01
1.636135578155517578e-01
2.279579639434814453e-01
2.235486507415771484e-01
2.766418457031250000e-01
1.740510463714599609e-01
3.049829006195068359e-01
1.688892841339111328e-01
2.982594966888427734e-01
2.192201614379882812e-01
2.285323143005371094e-01
2.187139987945556641e-01
3.127148151397705078e-01
1.529896259307861328e-01
3.116087913513183594e-01
2.108991146087646484e-01
2.475943565368652344e-01
2.614157199859619141e-01
2.797570228576660156e-01
3.300368785858154297e-01
1.966738700866699219e-01
2.042000293731689453e-01
2.757337093353271484e-01
2.633543014526367188e-01
3.022625446319580078e-01
2.724266052246093750e-01
3.322377204895019531e-01
1.908187866210937500e-01
2.673506736755371094e-01
1.682720184326171875e-01
2.349066734313964844e-01
1.860272884368896484e-01
2.108323574066162109e-01
1.800117492675781250e-01
2.649867534637451172e-01
1.896505355834960938e-01
2.527391910552978516e-01
2.000217437744140625e-01
2.442362308502197266e-01
1.673581600189208984e-01
2.702822685241699219e-01
2.809610366821289062e-01
3.163740634918212891e-01
1.672399044036865234e-01
2.086877822875976562e-01
2.421414852142333984e-01
2.318000793457031250e-01
1.756522655487060547e-01
2.264909744262695312e-01
1.816592216491699219e-01
2.404332160949707031e-01
1.763489246368408203e-01
1.912386417388916016e-01
2.128705978393554688e-01
1.837427616119384766e-01
2.104976177215576172e-01
2.488298416137695312e-01
2.101876735687255859e-01
1.955349445343017578e-01
1.393165588378906250e-01
3.047406673431396484e-01
1.731104850769042969e-01
2.982816696166992188e-01
1.796083450317382812e-01
2.432100772857666016e-01
1.955401897430419922e-01
2.622401714324951172e-01
2.430112361907958984e-01
3.111712932586669922e-01
3.228194713592529297e-01
2.330105304718017578e-01
2.606673240661621094e-01
2.111954689025878906e-01
2.144186496734619141e-01
2.778489589691162109e-01
2.547419071197509766e-01
3.050787448883056641e-01
1.948168277740478516e-01
1.610412597656250000e-01
1.964199542999267578e-01
1.562130451202392578e-01
1.866588592529296875e-01
2.535634040832519531e-01
1.947000026702880859e-01
2.238247394561767578e-01
2.493841648101806641e-01
3.116066455841064453e-01
2.274720668792724609e-01
1.973576545715332031e-01
1.812663078308105469e-01
2.505159378051757812e-01
1.983749866485595703e-01
2.070679664611816406e-01
1.939549446105957031e-01
2.994287014007568359e-01
1.623435020446777344e-01
1.278421878814697266e-01
1.989300251007080078e-01
2.208044528961181641e-01
2.133450508117675781e-01
1.593394279479980469e-01
2.402651309967041016e-01
2.385721206665039062e-01
2.925386428833007812e-01
1.850497722625732422e-01
2.296559810638427734e-01
2.333152294158935547e-01
1.371819972991943359e-01
2.447316646575927734e-01
1.734788417816162109e-01
2.442500591278076172e-01
2.273814678192138672e-01
2.113609313964843750e-01
2.041957378387451172e-01
2.471287250518798828e-01
1.795816421508789062e-01
2.662100791931152344e-01
2.216701507568359375e-01
2.955989837646484375e-01
1.951758861541748047e-01
2.447295188903808594e-01
1.938645839691162109e-01
2.498865127563476562e-01
1.909725666046142578e-01
1.553270816802978516e-01
2.683811187744140625e-01
1.596956253051757812e-01
1.673545837402343750e-01
1.972095966339111328e-01
1.886014938354492188e-01
2.138466835021972656e-01
1.822361946105957031e-01
1.362035274505615234e-01
2.331488132476806641e-01
1.742272377014160156e-01
2.907719612121582031e-01
2.035474777221679688e-01
2.184331417083740234e-01
1.930968761444091797e-01
2.592909336090087891e-01
1.541066169738769531e-01
2.767872810363769531e-01
1.982076168060302734e-01
1.709322929382324219e-01
2.511901855468750000e-01
2.048366069793701172e-01
