1.748585700988769531e-02
1.759862899780273438e-02
1.573109626770019531e-02
1.505064964294433594e-02
1.191878318786621094e-02
1.171803474426269531e-02
1.172423362731933594e-02
1.196408271789550781e-02
1.221704483032226562e-02
1.113104820251464844e-02
1.343464851379394531e-02
1.248621940612792969e-02
1.318359375000000000e-02
1.184511184692382812e-02
1.558399200439453125e-02
1.126956939697265625e-02
1.213407516479492188e-02
1.122140884399414062e-02
1.067590713500976562e-02
1.143765449523925781e-02
1.131248474121093750e-02
1.100015640258789062e-02
1.185607910156250000e-02
1.187515258789062500e-02
1.185750961303710938e-02
1.250839233398437500e-02
1.133251190185546875e-02
1.057386398315429688e-02
1.101541519165039062e-02
1.003956794738769531e-02
1.132512092590332031e-02
1.113319396972656250e-02
1.404261589050292969e-02
1.069116592407226562e-02
1.150465011596679688e-02
1.257729530334472656e-02
1.196408271789550781e-02
1.045346260070800781e-02
1.145243644714355469e-02
1.160430908203125000e-02
1.591706275939941406e-02
1.199245452880859375e-02
1.078486442565917969e-02
1.302623748779296875e-02
1.298046112060546875e-02
1.231074333190917969e-02
1.277089118957519531e-02
1.256656646728515625e-02
1.268649101257324219e-02
1.071095466613769531e-02
1.112556457519531250e-02
1.302909851074218750e-02
1.413989067077636719e-02
1.348853111267089844e-02
1.247477531433105469e-02
1.142573356628417969e-02
1.393699645996093750e-02
1.253724098205566406e-02
1.167440414428710938e-02
9.847402572631835938e-03
1.440620422363281250e-02
1.129651069641113281e-02
1.413369178771972656e-02
1.408267021179199219e-02
1.370048522949218750e-02
1.052188873291015625e-02
1.169586181640625000e-02
9.931564331054687500e-03
1.138687133789062500e-02
1.105475425720214844e-02
1.098728179931640625e-02
1.191306114196777344e-02
1.044154167175292969e-02
1.078891754150390625e-02
1.133203506469726562e-02
1.045608520507812500e-02
1.030969619750976562e-02
1.051759719848632812e-02
1.172590255737304688e-02
1.125693321228027344e-02
1.241350173950195312e-02
1.669859886169433594e-02
1.037597656250000000e-02
1.112413406372070312e-02
1.113533973693847656e-02
1.039743423461914062e-02
1.674222946166992188e-02
1.386022567749023438e-02
9.764671325683593750e-03
1.736164093017578125e-02
1.164722442626953125e-02
1.209950447082519531e-02
1.197934150695800781e-02
1.535248756408691406e-02
1.397085189819335938e-02
1.165652275085449219e-02
1.087331771850585938e-02
1.222562789916992188e-02
1.104903221130371094e-02
1.233625411987304688e-02
1.241779327392578125e-02
1.236033439636230469e-02
1.129078865051269531e-02
1.270842552185058594e-02
1.434898376464843750e-02
1.039123535156250000e-02
1.091837882995605469e-02
1.027488708496093750e-02
1.193690299987792969e-02
1.080560684204101562e-02
1.158285140991210938e-02
1.056647300720214844e-02
1.283168792724609375e-02
1.190853118896484375e-02
1.531362533569335938e-02
1.091551780700683594e-02
1.333427429199218750e-02
1.195335388183593750e-02
1.148223876953125000e-02
1.029062271118164062e-02
1.207971572875976562e-02
1.088809967041015625e-02
1.465725898742675781e-02
1.174044609069824219e-02
1.143908500671386719e-02
1.085114479064941406e-02
1.129245758056640625e-02
9.987115859985351562e-03
1.183009147644042969e-02
1.051688194274902344e-02
9.906291961669921875e-03
1.220464706420898438e-02
1.056122779846191406e-02
1.028704643249511719e-02
1.076173782348632812e-02
1.211285591125488281e-02
1.006627082824707031e-02
1.245546340942382812e-02
1.221919059753417969e-02
1.157617568969726562e-02
1.129746437072753906e-02
1.059222221374511719e-02
1.382184028625488281e-02
1.286935806274414062e-02
1.312065124511718750e-02
1.259708404541015625e-02
1.234722137451171875e-02
1.124691963195800781e-02
1.092886924743652344e-02
1.267099380493164062e-02
1.125788688659667969e-02
1.129007339477539062e-02
1.199030876159667969e-02
1.080894470214843750e-02
1.071834564208984375e-02
9.439706802368164062e-03
1.080155372619628906e-02
1.097893714904785156e-02
1.142358779907226562e-02
1.057839393615722656e-02
1.275682449340820312e-02
1.225233078002929688e-02
1.110720634460449219e-02
1.109433174133300781e-02
1.089620590209960938e-02
1.091051101684570312e-02
1.095581054687500000e-02
1.016426086425781250e-02
1.147603988647460938e-02
1.146793365478515625e-02
1.266956329345703125e-02
1.086354255676269531e-02
1.083970069885253906e-02
1.140117645263671875e-02
1.089739799499511719e-02
9.781599044799804688e-03
1.227307319641113281e-02
1.547265052795410156e-02
1.339054107666015625e-02
1.387429237365722656e-02
1.244902610778808594e-02
1.746010780334472656e-02
1.445817947387695312e-02
1.310968399047851562e-02
1.132225990295410156e-02
1.092529296875000000e-02
1.159310340881347656e-02
1.142907142639160156e-02
1.553392410278320312e-02
1.127529144287109375e-02
1.104474067687988281e-02
1.265883445739746094e-02
1.238727569580078125e-02
1.112890243530273438e-02
1.155400276184082031e-02
1.066780090332031250e-02
1.088404655456542969e-02
1.159954071044921875e-02
1.237058639526367188e-02
1.035642623901367188e-02
1.211571693420410156e-02
9.549379348754882812e-03
1.021218299865722656e-02
1.033091545104980469e-02
1.077795028686523438e-02
1.070117950439453125e-02
1.516819000244140625e-02
1.428461074829101562e-02
1.230359077453613281e-02
1.057052612304687500e-02
1.155519485473632812e-02
1.073431968688964844e-02
1.144480705261230469e-02
1.099061965942382812e-02
1.157808303833007812e-02
9.395360946655273438e-03
1.226663589477539062e-02
1.065826416015625000e-02
1.046347618103027344e-02
1.089262962341308594e-02
1.115155220031738281e-02
