7.571125030517578125e-02
7.350301742553710938e-02
6.328272819519042969e-02
7.308936119079589844e-02
8.707308769226074219e-02
8.344578742980957031e-02
7.434248924255371094e-02
7.127571105957031250e-02
6.505465507507324219e-02
7.675123214721679688e-02
8.181071281433105469e-02
7.672953605651855469e-02
3.090357780456542969e-01
8.883500099182128906e-02
3.392813205718994141e-01
8.532929420471191406e-02
8.602261543273925781e-02
7.752966880798339844e-02
6.735253334045410156e-02
7.942724227905273438e-02
6.797337532043457031e-02
8.595347404479980469e-02
7.662129402160644531e-02
7.597875595092773438e-02
7.634043693542480469e-02
7.606577873229980469e-02
7.365322113037109375e-02
6.966638565063476562e-02
6.607437133789062500e-02
6.900548934936523438e-02
9.185671806335449219e-02
7.418060302734375000e-02
1.080462932586669922e-01
7.700467109680175781e-02
8.543729782104492188e-02
7.204627990722656250e-02
7.317638397216796875e-02
7.077360153198242188e-02
9.124851226806640625e-02
7.869911193847656250e-02
6.952667236328125000e-02
7.532405853271484375e-02
7.893466949462890625e-02
1.020853519439697266e-01
8.846735954284667969e-02
1.079485416412353516e-01
1.069016456604003906e-01
1.219840049743652344e-01
1.013877391815185547e-01
6.923317909240722656e-02
7.865333557128906250e-02
7.494664192199707031e-02
7.495808601379394531e-02
1.036200523376464844e-01
8.400774002075195312e-02
7.131004333496093750e-02
8.512330055236816406e-02
1.088068485260009766e-01
7.303142547607421875e-02
6.707119941711425781e-02
1.032872200012207031e-01
8.528995513916015625e-02
1.002447605133056641e-01
9.882044792175292969e-02
6.867671012878417969e-02
7.165861129760742188e-02
8.780360221862792969e-02
6.176733970642089844e-02
7.683253288269042969e-02
1.033563613891601562e-01
7.379150390625000000e-02
3.458709716796875000e-01
7.186841964721679688e-02
7.404255867004394531e-02
8.108234405517578125e-02
5.381155014038085938e-02
5.647277832031250000e-02
7.182955741882324219e-02
8.120822906494140625e-02
8.352470397949218750e-02
7.397603988647460938e-02
1.080760955810546875e-01
5.827522277832031250e-02
8.353090286254882812e-02
1.510071754455566406e-01
6.608080863952636719e-02
9.410357475280761719e-02
1.039788722991943359e-01
6.012177467346191406e-02
1.030073165893554688e-01
8.993244171142578125e-02
8.365297317504882812e-02
8.222913742065429688e-02
3.186581134796142578e-01
1.054022312164306641e-01
7.789206504821777344e-02
7.189416885375976562e-02
1.096720695495605469e-01
1.572988033294677734e-01
9.805154800415039062e-02
9.558796882629394531e-02
1.038095951080322266e-01
7.364106178283691406e-02
8.417940139770507812e-02
7.171726226806640625e-02
6.836032867431640625e-02
6.990885734558105469e-02
6.336164474487304688e-02
6.488609313964843750e-02
8.888149261474609375e-02
7.871389389038085938e-02
8.735108375549316406e-02
8.965420722961425781e-02
8.582496643066406250e-02
6.146812438964843750e-02
8.405470848083496094e-02
3.237571716308593750e-01
1.060731410980224609e-01
6.988406181335449219e-02
6.402444839477539062e-02
9.864044189453125000e-02
8.126258850097656250e-02
6.892991065979003906e-02
6.847953796386718750e-02
6.798887252807617188e-02
7.442903518676757812e-02
7.604026794433593750e-02
6.887483596801757812e-02
6.312870979309082031e-02
7.468152046203613281e-02
6.110358238220214844e-02
1.068391799926757812e-01
7.417201995849609375e-02
7.522130012512207031e-02
6.193232536315917969e-02
9.565925598144531250e-02
6.886339187622070312e-02
1.012327671051025391e-01
7.686495780944824219e-02
7.056069374084472656e-02
8.281016349792480469e-02
7.856798171997070312e-02
9.635210037231445312e-02
1.076245307922363281e-01
1.135284900665283203e-01
9.472012519836425781e-02
8.605813980102539062e-02
7.731080055236816406e-02
3.192198276519775391e-01
1.116106510162353516e-01
7.288479804992675781e-02
8.691978454589843750e-02
6.923103332519531250e-02
6.911563873291015625e-02
6.247735023498535156e-02
3.136076927185058594e-01
6.982564926147460938e-02
7.031989097595214844e-02
8.141851425170898438e-02
8.185052871704101562e-02
1.024529933929443359e-01
3.626360893249511719e-01
7.344460487365722656e-02
7.900357246398925781e-02
6.661558151245117188e-02
7.957458496093750000e-02
6.950449943542480469e-02
6.325864791870117188e-02
8.071208000183105469e-02
9.699082374572753906e-02
6.256222724914550781e-02
4.905486106872558594e-02
6.062960624694824219e-02
8.960843086242675781e-02
7.135987281799316406e-02
6.267404556274414062e-02
8.286786079406738281e-02
8.912682533264160156e-02
1.001033782958984375e-01
7.947158813476562500e-02
6.867861747741699219e-02
1.037271022796630859e-01
5.873179435729980469e-02
7.732558250427246094e-02
7.581686973571777344e-02
7.825589179992675781e-02
7.826495170593261719e-02
6.587171554565429688e-02
7.480740547180175781e-02
7.874894142150878906e-02
6.765413284301757812e-02
7.987689971923828125e-02
8.053541183471679688e-02
9.018659591674804688e-02
7.339954376220703125e-02
8.434844017028808594e-02
6.552362442016601562e-02
6.970334053039550781e-02
6.789159774780273438e-02
6.022715568542480469e-02
8.308982849121093750e-02
5.403256416320800781e-02
6.135106086730957031e-02
6.879878044128417969e-02
6.871771812438964844e-02
7.902479171752929688e-02
6.396532058715820312e-02
6.126403808593750000e-02
8.420419692993164062e-02
6.936144828796386719e-02
9.267163276672363281e-02
7.341909408569335938e-02
7.334518432617187500e-02
3.254356384277343750e-01
3.317654132843017578e-01
6.089043617248535156e-02
1.000099182128906250e-01
6.902217864990234375e-02
7.094192504882812500e-02
7.419991493225097656e-02
8.119893074035644531e-02
