2.153325080871582031e-02
1.712584495544433594e-02
1.974797248840332031e-02
2.194690704345703125e-02
1.873970031738281250e-02
1.880788803100585938e-02
2.222442626953125000e-02
1.847791671752929688e-02
1.682639122009277344e-02
1.960277557373046875e-02
1.882815361022949219e-02
1.892685890197753906e-02
1.838731765747070312e-02
1.928377151489257812e-02
1.838517189025878906e-02
1.809835433959960938e-02
1.992034912109375000e-02
1.831626892089843750e-02
1.805782318115234375e-02
1.726078987121582031e-02
1.801204681396484375e-02
1.823019981384277344e-02
1.696753501892089844e-02
2.075505256652832031e-02
1.978254318237304688e-02
1.904463768005371094e-02
1.671147346496582031e-02
1.767539978027343750e-02
1.719188690185546875e-02
1.723003387451171875e-02
1.865291595458984375e-02
1.620936393737792969e-02
1.901912689208984375e-02
1.833653450012207031e-02
1.815772056579589844e-02
1.864886283874511719e-02
1.710009574890136719e-02
1.774859428405761719e-02
1.820445060729980469e-02
1.927995681762695312e-02
1.709389686584472656e-02
1.803493499755859375e-02
2.428746223449707031e-02
1.911783218383789062e-02
1.833009719848632812e-02
1.865172386169433594e-02
1.923155784606933594e-02
1.870250701904296875e-02
1.956367492675781250e-02
1.841497421264648438e-02
1.995682716369628906e-02
2.225255966186523438e-02
1.919555664062500000e-02
1.902556419372558594e-02
1.834034919738769531e-02
1.804375648498535156e-02
1.791501045227050781e-02
1.921391487121582031e-02
1.776814460754394531e-02
1.698708534240722656e-02
2.055215835571289062e-02
1.746225357055664062e-02
1.930308341979980469e-02
1.884555816650390625e-02
1.783919334411621094e-02
1.893544197082519531e-02
1.887512207031250000e-02
1.719117164611816406e-02
1.907515525817871094e-02
2.185225486755371094e-02
1.784467697143554688e-02
1.783490180969238281e-02
1.711511611938476562e-02
2.074122428894042969e-02
1.778054237365722656e-02
1.747274398803710938e-02
1.728391647338867188e-02
2.143931388854980469e-02
1.730442047119140625e-02
1.965403556823730469e-02
2.232885360717773438e-02
1.944518089294433594e-02
1.663303375244140625e-02
1.938080787658691406e-02
1.927018165588378906e-02
1.775693893432617188e-02
1.844954490661621094e-02
2.003717422485351562e-02
2.021884918212890625e-02
2.614378929138183594e-02
1.854181289672851562e-02
1.827549934387207031e-02
1.831769943237304688e-02
1.866722106933593750e-02
2.036428451538085938e-02
1.797771453857421875e-02
1.648354530334472656e-02
1.883196830749511719e-02
1.845932006835937500e-02
1.898431777954101562e-02
2.061867713928222656e-02
2.356195449829101562e-02
1.783442497253417969e-02
1.968860626220703125e-02
1.799154281616210938e-02
1.835513114929199219e-02
1.913762092590332031e-02
1.758527755737304688e-02
1.774668693542480469e-02
1.918172836303710938e-02
1.887035369873046875e-02
1.870608329772949219e-02
1.753306388854980469e-02
1.831603050231933594e-02
1.732850074768066406e-02
1.850938796997070312e-02
1.984500885009765625e-02
1.977086067199707031e-02
1.827001571655273438e-02
1.686286926269531250e-02
2.199792861938476562e-02
2.068138122558593750e-02
1.676130294799804688e-02
1.802229881286621094e-02
1.766395568847656250e-02
2.150821685791015625e-02
2.034664154052734375e-02
1.834893226623535156e-02
1.757073402404785156e-02
2.911710739135742188e-02
1.849508285522460938e-02
1.924347877502441406e-02
1.640105247497558594e-02
1.799154281616210938e-02
1.676082611083984375e-02
1.862049102783203125e-02
1.786923408508300781e-02
1.941585540771484375e-02
1.766371726989746094e-02
1.780366897583007812e-02
1.774430274963378906e-02
2.073979377746582031e-02
2.049326896667480469e-02
1.978969573974609375e-02
1.886892318725585938e-02
1.765751838684082031e-02
1.826977729797363281e-02
1.828932762145996094e-02
1.830506324768066406e-02
2.076339721679687500e-02
2.085304260253906250e-02
1.956486701965332031e-02
1.741504669189453125e-02
1.676845550537109375e-02
1.750135421752929688e-02
1.820755004882812500e-02
1.856851577758789062e-02
1.733207702636718750e-02
1.892066001892089844e-02
1.738929748535156250e-02
1.802349090576171875e-02
1.992797851562500000e-02
1.814389228820800781e-02
2.117252349853515625e-02
2.027511596679687500e-02
1.788163185119628906e-02
1.735043525695800781e-02
1.980209350585937500e-02
1.715278625488281250e-02
1.839590072631835938e-02
1.892113685607910156e-02
1.743102073669433594e-02
1.660251617431640625e-02
1.977133750915527344e-02
1.681733131408691406e-02
1.608920097351074219e-02
1.828336715698242188e-02
1.779627799987792969e-02
1.806020736694335938e-02
1.792430877685546875e-02
1.810979843139648438e-02
1.924824714660644531e-02
1.636338233947753906e-02
2.010941505432128906e-02
2.076983451843261719e-02
1.832509040832519531e-02
1.885509490966796875e-02
1.626801490783691406e-02
1.837158203125000000e-02
1.850986480712890625e-02
1.686310768127441406e-02
1.854062080383300781e-02
2.016997337341308594e-02
1.998400688171386719e-02
1.849889755249023438e-02
2.025961875915527344e-02
1.670956611633300781e-02
2.320861816406250000e-02
1.862549781799316406e-02
1.653933525085449219e-02
2.117800712585449219e-02
1.752066612243652344e-02
1.799201965332031250e-02
1.819467544555664062e-02
1.787114143371582031e-02
1.639485359191894531e-02
1.730942726135253906e-02
1.637339591979980469e-02
1.777911186218261719e-02
1.799893379211425781e-02
1.954936981201171875e-02
1.839733123779296875e-02
2.149200439453125000e-02
1.924014091491699219e-02
2.146196365356445312e-02
1.736664772033691406e-02
1.846337318420410156e-02
1.794433593750000000e-02
1.783275604248046875e-02
1.838469505310058594e-02
1.794791221618652344e-02
