2.233767509460449219e-02
1.748466491699218750e-02
1.108789443969726562e-02
1.112461090087890625e-02
1.465892791748046875e-02
1.251292228698730469e-02
1.282477378845214844e-02
1.419138908386230469e-02
1.183938980102539062e-02
1.513099670410156250e-02
1.164174079895019531e-02
1.248335838317871094e-02
1.710939407348632812e-02
1.156330108642578125e-02
1.627063751220703125e-02
1.357841491699218750e-02
1.476812362670898438e-02
1.103329658508300781e-02
1.128196716308593750e-02
1.065802574157714844e-02
1.115036010742187500e-02
1.304316520690917969e-02
1.576948165893554688e-02
1.135301589965820312e-02
1.783394813537597656e-02
1.265954971313476562e-02
1.408267021179199219e-02
1.143121719360351562e-02
1.128721237182617188e-02
1.069593429565429688e-02
1.159501075744628906e-02
1.083612442016601562e-02
1.523137092590332031e-02
1.095151901245117188e-02
1.296019554138183594e-02
1.190280914306640625e-02
1.136708259582519531e-02
1.059174537658691406e-02
1.186633110046386719e-02
1.123142242431640625e-02
1.169610023498535156e-02
1.089954376220703125e-02
1.140308380126953125e-02
1.712393760681152344e-02
1.235222816467285156e-02
1.259684562683105469e-02
1.360583305358886719e-02
1.202201843261718750e-02
1.482415199279785156e-02
1.487302780151367188e-02
1.220726966857910156e-02
1.196599006652832031e-02
1.666784286499023438e-02
1.166510581970214844e-02
1.274442672729492188e-02
1.146602630615234375e-02
1.358819007873535156e-02
2.045130729675292969e-02
1.241278648376464844e-02
9.813070297241210938e-03
1.246380805969238281e-02
1.159143447875976562e-02
1.312613487243652344e-02
1.205873489379882812e-02
1.105356216430664062e-02
1.160311698913574219e-02
1.246786117553710938e-02
9.612321853637695312e-03
1.163673400878906250e-02
1.186418533325195312e-02
1.097965240478515625e-02
1.100730895996093750e-02
1.225805282592773438e-02
1.352643966674804688e-02
1.192188262939453125e-02
9.337425231933593750e-03
1.198792457580566406e-02
1.145720481872558594e-02
1.153898239135742188e-02
1.143074035644531250e-02
1.154923439025878906e-02
1.196503639221191406e-02
1.027202606201171875e-02
1.084804534912109375e-02
1.168894767761230469e-02
1.039791107177734375e-02
1.252269744873046875e-02
1.209115982055664062e-02
1.007676124572753906e-02
1.668739318847656250e-02
1.140832901000976562e-02
1.154971122741699219e-02
1.143884658813476562e-02
1.263117790222167969e-02
1.504397392272949219e-02
1.340222358703613281e-02
1.148939132690429688e-02
1.205110549926757812e-02
1.278138160705566406e-02
1.164865493774414062e-02
1.263761520385742188e-02
1.268982887268066406e-02
1.084470748901367188e-02
1.106142997741699219e-02
2.166724205017089844e-02
1.062297821044921875e-02
1.234483718872070312e-02
1.182246208190917969e-02
1.403284072875976562e-02
1.245665550231933594e-02
1.547169685363769531e-02
1.154303550720214844e-02
1.287102699279785156e-02
1.591205596923828125e-02
1.064634323120117188e-02
1.150417327880859375e-02
1.634430885314941406e-02
1.445889472961425781e-02
1.135706901550292969e-02
1.023960113525390625e-02
1.239037513732910156e-02
1.157188415527343750e-02
1.159000396728515625e-02
1.669430732727050781e-02
1.104164123535156250e-02
1.091527938842773438e-02
1.117444038391113281e-02
1.034402847290039062e-02
1.105022430419921875e-02
1.040625572204589844e-02
1.100683212280273438e-02
1.214623451232910156e-02
1.075887680053710938e-02
1.019597053527832031e-02
1.320910453796386719e-02
1.522231101989746094e-02
1.435208320617675781e-02
1.273965835571289062e-02
1.071953773498535156e-02
1.103448867797851562e-02
1.220512390136718750e-02
1.083707809448242188e-02
1.329088211059570312e-02
1.476120948791503906e-02
1.508092880249023438e-02
1.091003417968750000e-02
1.271843910217285156e-02
1.525425910949707031e-02
1.165056228637695312e-02
1.204061508178710938e-02
1.231789588928222656e-02
1.166558265686035156e-02
1.079583168029785156e-02
1.546788215637207031e-02
1.070284843444824219e-02
9.552717208862304688e-03
1.109719276428222656e-02
1.260495185852050781e-02
1.188397407531738281e-02
1.177287101745605469e-02
1.684093475341796875e-02
1.292276382446289062e-02
1.080703735351562500e-02
1.086854934692382812e-02
1.124715805053710938e-02
1.257491111755371094e-02
1.238894462585449219e-02
1.394820213317871094e-02
1.183629035949707031e-02
1.187968254089355469e-02
1.178503036499023438e-02
8.955955505371093750e-03
5.878543853759765625e-02
1.218891143798828125e-02
1.205730438232421875e-02
1.075243949890136719e-02
1.088237762451171875e-02
1.129674911499023438e-02
1.209688186645507812e-02
1.164174079895019531e-02
1.043486595153808594e-02
1.259112358093261719e-02
9.253263473510742188e-03
1.184511184692382812e-02
1.133370399475097656e-02
1.739001274108886719e-02
1.349472999572753906e-02
1.152324676513671875e-02
1.119256019592285156e-02
1.168632507324218750e-02
1.184511184692382812e-02
1.163339614868164062e-02
1.140451431274414062e-02
1.211500167846679688e-02
1.012253761291503906e-02
1.329612731933593750e-02
1.061439514160156250e-02
1.136755943298339844e-02
1.284265518188476562e-02
1.162052154541015625e-02
1.108336448669433594e-02
1.018524169921875000e-02
1.095390319824218750e-02
1.102519035339355469e-02
1.068711280822753906e-02
1.484274864196777344e-02
1.039981842041015625e-02
1.087164878845214844e-02
1.109337806701660156e-02
1.147222518920898438e-02
1.690626144409179688e-02
1.136445999145507812e-02
1.066231727600097656e-02
1.163339614868164062e-02
1.078152656555175781e-02
1.056146621704101562e-02
1.125049591064453125e-02
1.160764694213867188e-02
1.016569137573242188e-02
1.629519462585449219e-02
1.101064682006835938e-02
