2.458524703979492188e-02
1.327776908874511719e-02
1.052141189575195312e-02
1.542162895202636719e-02
2.104377746582031250e-02
1.487898826599121094e-02
1.103067398071289062e-02
1.163887977600097656e-02
1.088285446166992188e-02
1.153588294982910156e-02
1.454448699951171875e-02
1.374077796936035156e-02
1.422333717346191406e-02
1.279187202453613281e-02
1.907348632812500000e-02
1.536178588867187500e-02
1.174449920654296875e-02
6.073570251464843750e-02
1.066398620605468750e-02
1.374840736389160156e-02
1.173901557922363281e-02
1.159572601318359375e-02
1.091909408569335938e-02
1.144170761108398438e-02
1.078319549560546875e-02
1.134896278381347656e-02
1.050662994384765625e-02
1.086449623107910156e-02
1.070356369018554688e-02
1.121330261230468750e-02
1.126551628112792969e-02
1.188850402832031250e-02
1.267075538635253906e-02
1.136851310729980469e-02
1.078104972839355469e-02
1.148176193237304688e-02
1.066732406616210938e-02
1.109457015991210938e-02
1.109242439270019531e-02
1.138567924499511719e-02
1.101493835449218750e-02
1.223444938659667969e-02
1.045489311218261719e-02
1.274108886718750000e-02
1.176047325134277344e-02
1.288199424743652344e-02
1.217699050903320312e-02
1.387500762939453125e-02
1.351499557495117188e-02
1.120209693908691406e-02
1.705288887023925781e-02
1.542496681213378906e-02
1.334524154663085938e-02
1.531314849853515625e-02
1.150465011596679688e-02
1.187014579772949219e-02
1.602149009704589844e-02
1.288342475891113281e-02
1.076698303222656250e-02
1.075577735900878906e-02
1.185631752014160156e-02
1.274371147155761719e-02
1.265525817871093750e-02
1.362514495849609375e-02
1.130676269531250000e-02
1.157259941101074219e-02
1.137399673461914062e-02
1.011466979980468750e-02
1.014995574951171875e-02
1.200008392333984375e-02
1.097631454467773438e-02
1.180768013000488281e-02
1.031017303466796875e-02
1.179361343383789062e-02
1.017498970031738281e-02
9.903192520141601562e-03
9.571075439453125000e-03
1.090168952941894531e-02
1.102566719055175781e-02
1.202106475830078125e-02
1.041388511657714844e-02
1.309633255004882812e-02
9.761095046997070312e-03
1.351141929626464844e-02
1.144552230834960938e-02
1.093626022338867188e-02
1.118540763854980469e-02
1.325225830078125000e-02
9.370326995849609375e-03
1.347374916076660156e-02
1.289653778076171875e-02
1.172041893005371094e-02
1.218485832214355469e-02
1.482105255126953125e-02
1.225304603576660156e-02
1.158618927001953125e-02
1.048398017883300781e-02
1.431560516357421875e-02
1.140618324279785156e-02
1.329493522644042969e-02
1.220464706420898438e-02
1.257872581481933594e-02
1.102542877197265625e-02
1.465511322021484375e-02
1.242399215698242188e-02
1.097726821899414062e-02
1.111435890197753906e-02
1.122879981994628906e-02
1.030898094177246094e-02
1.180624961853027344e-02
1.047205924987792969e-02
1.156783103942871094e-02
1.085352897644042969e-02
1.293134689331054688e-02
1.005601882934570312e-02
1.200270652770996094e-02
1.235055923461914062e-02
1.287651062011718750e-02
1.048898696899414062e-02
1.076149940490722656e-02
1.164937019348144531e-02
1.133942604064941406e-02
1.032900810241699219e-02
1.297879219055175781e-02
1.186895370483398438e-02
1.168322563171386719e-02
1.011443138122558594e-02
1.097965240478515625e-02
1.060605049133300781e-02
1.107525825500488281e-02
9.938716888427734375e-03
1.277732849121093750e-02
1.030397415161132812e-02
1.539516448974609375e-02
1.130819320678710938e-02
1.483392715454101562e-02
1.054787635803222656e-02
1.392674446105957031e-02
1.347541809082031250e-02
1.117849349975585938e-02
1.114416122436523438e-02
1.082992553710937500e-02
1.151037216186523438e-02
1.285123825073242188e-02
1.419115066528320312e-02
1.315593719482421875e-02
1.200556755065917969e-02
1.259803771972656250e-02
1.075363159179687500e-02
1.340842247009277344e-02
1.074481010437011719e-02
1.207947731018066406e-02
1.040744781494140625e-02
1.109838485717773438e-02
1.023435592651367188e-02
1.020383834838867188e-02
1.100373268127441406e-02
1.122832298278808594e-02
1.279902458190917969e-02
1.418948173522949219e-02
1.290965080261230469e-02
1.383924484252929688e-02
9.961366653442382812e-03
1.155471801757812500e-02
1.043272018432617188e-02
1.173663139343261719e-02
1.479840278625488281e-02
1.100158691406250000e-02
1.084971427917480469e-02
1.266145706176757812e-02
1.034235954284667969e-02
1.030278205871582031e-02
9.929656982421875000e-03
1.206350326538085938e-02
1.020050048828125000e-02
1.098632812500000000e-02
1.072573661804199219e-02
1.205348968505859375e-02
1.220154762268066406e-02
1.217079162597656250e-02
1.004886627197265625e-02
1.531505584716796875e-02
9.439468383789062500e-03
1.165485382080078125e-02
1.105833053588867188e-02
1.187658309936523438e-02
1.138591766357421875e-02
1.127743721008300781e-02
1.068806648254394531e-02
1.500964164733886719e-02
1.176691055297851562e-02
1.213932037353515625e-02
1.198077201843261719e-02
1.206636428833007812e-02
1.098132133483886719e-02
1.230525970458984375e-02
1.038122177124023438e-02
1.073646545410156250e-02
1.097679138183593750e-02
1.130867004394531250e-02
1.078724861145019531e-02
9.950399398803710938e-03
9.322166442871093750e-03
1.101922988891601562e-02
1.026082038879394531e-02
1.728963851928710938e-02
1.232957839965820312e-02
1.196527481079101562e-02
1.517748832702636719e-02
1.355767250061035156e-02
1.139712333679199219e-02
1.117730140686035156e-02
1.218271255493164062e-02
1.154589653015136719e-02
1.105952262878417969e-02
1.007723808288574219e-02
1.167607307434082031e-02
1.144051551818847656e-02
1.044869422912597656e-02
1.127839088439941406e-02
1.155018806457519531e-02
