1.629631519317626953e-01
1.848905086517333984e-01
1.384825706481933594e-01
1.358015537261962891e-01
1.911368370056152344e-01
1.486616134643554688e-01
1.520915031433105469e-01
1.967782974243164062e-01
1.350579261779785156e-01
1.413636207580566406e-01
1.983866691589355469e-01
1.506073474884033203e-01
1.727747917175292969e-01
2.086524963378906250e-01
1.721308231353759766e-01
2.195351123809814453e-01
1.835687160491943359e-01
1.754820346832275391e-01
1.620991230010986328e-01
1.486890316009521484e-01
1.645936965942382812e-01
1.543958187103271484e-01
1.864128112792968750e-01
1.525413990020751953e-01
1.611282825469970703e-01
1.895263195037841797e-01
1.379947662353515625e-01
1.358101367950439453e-01
1.743505001068115234e-01
1.404001712799072266e-01
1.630072593688964844e-01
1.855084896087646484e-01
2.059822082519531250e-01
1.532130241394042969e-01
2.061126232147216797e-01
1.407160758972167969e-01
1.338500976562500000e-01
1.700704097747802734e-01
1.701560020446777344e-01
1.491770744323730469e-01
1.801872253417968750e-01
1.381366252899169922e-01
1.420106887817382812e-01
2.335643768310546875e-01
1.697790622711181641e-01
2.355313301086425781e-01
2.151963710784912109e-01
2.446894645690917969e-01
2.178480625152587891e-01
1.474254131317138672e-01
1.761302947998046875e-01
1.399273872375488281e-01
1.519231796264648438e-01
2.433607578277587891e-01
1.836771965026855469e-01
1.790165901184082031e-01
1.383118629455566406e-01
2.163791656494140625e-01
1.845984458923339844e-01
1.305623054504394531e-01
1.880733966827392578e-01
2.137460708618164062e-01
1.992309093475341797e-01
2.227420806884765625e-01
1.397788524627685547e-01
1.272828578948974609e-01
2.266273498535156250e-01
1.369316577911376953e-01
1.420660018920898438e-01
1.779971122741699219e-01
1.728410720825195312e-01
1.646740436553955078e-01
1.382687091827392578e-01
1.687905788421630859e-01
1.484854221343994141e-01
1.072299480438232422e-01
1.704015731811523438e-01
1.367611885070800781e-01
1.719563007354736328e-01
2.074210643768310547e-01
1.556348800659179688e-01
2.030558586120605469e-01
1.570119857788085938e-01
1.664760112762451172e-01
1.738221645355224609e-01
1.764452457427978516e-01
1.655061244964599609e-01
2.000410556793212891e-01
1.547963619232177734e-01
2.032983303070068359e-01
2.041954994201660156e-01
1.491978168487548828e-01
1.616573333740234375e-01
2.457473278045654297e-01
2.160236835479736328e-01
1.928749084472656250e-01
1.402511596679687500e-01
2.057979106903076172e-01
2.028627395629882812e-01
1.912283897399902344e-01
2.394797801971435547e-01
2.025654315948486328e-01
1.494476795196533203e-01
1.957652568817138672e-01
1.279637813568115234e-01
1.333098411560058594e-01
2.008130550384521484e-01
1.405510902404785156e-01
1.370830535888671875e-01
1.844875812530517578e-01
1.759319305419921875e-01
1.746380329132080078e-01
1.413292884826660156e-01
1.968426704406738281e-01
1.248290538787841797e-01
1.697080135345458984e-01
2.408397197723388672e-01
2.028014659881591797e-01
1.707541942596435547e-01
1.308681964874267578e-01
1.727337837219238281e-01
1.849110126495361328e-01
1.300039291381835938e-01
1.401693820953369141e-01
1.764883995056152344e-01
1.509881019592285156e-01
1.449241638183593750e-01
1.322817802429199219e-01
1.813426017761230469e-01
1.373562812805175781e-01
1.219627857208251953e-01
2.266445159912109375e-01
1.243751049041748047e-01
1.508016586303710938e-01
1.780498027801513672e-01
1.860747337341308594e-01
1.287658214569091797e-01
2.306585311889648438e-01
1.436324119567871094e-01
1.461493968963623047e-01
1.900529861450195312e-01
1.587798595428466797e-01
2.061719894409179688e-01
2.403774261474609375e-01
2.181661128997802734e-01
2.075104713439941406e-01
1.699399948120117188e-01
1.534664630889892578e-01
1.664061546325683594e-01
2.121117115020751953e-01
1.530325412750244141e-01
2.162442207336425781e-01
1.434562206268310547e-01
1.594698429107666016e-01
1.841888427734375000e-01
1.251194477081298828e-01
1.424698829650878906e-01
1.862618923187255859e-01
1.415531635284423828e-01
1.447787284851074219e-01
2.526686191558837891e-01
2.121396064758300781e-01
1.397690773010253906e-01
1.854965686798095703e-01
1.406390666961669922e-01
1.518578529357910156e-01
1.792185306549072266e-01
1.252353191375732422e-01
1.643738746643066406e-01
2.197344303131103516e-01
1.306841373443603516e-01
1.059930324554443359e-01
1.275835037231445312e-01
2.004330158233642578e-01
1.419053077697753906e-01
1.222076416015625000e-01
1.921985149383544922e-01
1.748526096343994141e-01
2.309515476226806641e-01
1.620519161224365234e-01
1.348710060119628906e-01
2.479822635650634766e-01
1.082270145416259766e-01
1.489872932434082031e-01
1.891024112701416016e-01
1.499710083007812500e-01
1.462171077728271484e-01
1.312644481658935547e-01
1.856927871704101562e-01
1.524724960327148438e-01
1.399970054626464844e-01
1.975791454315185547e-01
1.683733463287353516e-01
2.519881725311279297e-01
1.384434700012207031e-01
1.721053123474121094e-01
1.456029415130615234e-01
1.896927356719970703e-01
1.445353031158447266e-01
1.258561611175537109e-01
1.877000331878662109e-01
1.152253150939941406e-01
1.254134178161621094e-01
1.305885314941406250e-01
1.769449710845947266e-01
1.555714607238769531e-01
1.422839164733886719e-01
1.662695407867431641e-01
1.694281101226806641e-01
1.311554908752441406e-01
2.105484008789062500e-01
1.453757286071777344e-01
1.321246623992919922e-01
1.907796859741210938e-01
1.551008224487304688e-01
1.221885681152343750e-01
2.235770225524902344e-01
1.452968120574951172e-01
1.471359729766845703e-01
2.123951911926269531e-01
1.645693778991699219e-01
