1.964664459228515625e-02
1.628565788269042969e-02
1.821398735046386719e-02
2.120828628540039062e-02
1.710128784179687500e-02
1.978659629821777344e-02
1.929545402526855469e-02
1.793885231018066406e-02
1.849961280822753906e-02
1.783132553100585938e-02
1.681685447692871094e-02
1.706838607788085938e-02
1.964807510375976562e-02
1.705503463745117188e-02
2.124357223510742188e-02
1.656484603881835938e-02
1.747298240661621094e-02
1.590752601623535156e-02
1.757860183715820312e-02
1.949810981750488281e-02
1.817345619201660156e-02
1.630306243896484375e-02
1.622033119201660156e-02
1.684474945068359375e-02
1.711392402648925781e-02
1.703381538391113281e-02
1.684737205505371094e-02
1.994538307189941406e-02
1.614308357238769531e-02
2.695083618164062500e-02
2.280402183532714844e-02
1.689338684082031250e-02
2.014398574829101562e-02
1.676607131958007812e-02
1.901555061340332031e-02
2.066826820373535156e-02
1.633477210998535156e-02
1.634693145751953125e-02
1.765680313110351562e-02
2.058148384094238281e-02
1.815342903137207031e-02
1.765298843383789062e-02
1.648998260498046875e-02
1.662611961364746094e-02
1.749825477600097656e-02
1.702547073364257812e-02
1.896119117736816406e-02
1.803469657897949219e-02
1.712417602539062500e-02
1.724672317504882812e-02
1.603031158447265625e-02
1.684069633483886719e-02
1.661682128906250000e-02
1.751470565795898438e-02
1.689243316650390625e-02
1.646161079406738281e-02
1.654195785522460938e-02
2.025008201599121094e-02
1.697778701782226562e-02
1.618218421936035156e-02
1.703596115112304688e-02
2.222824096679687500e-02
1.861047744750976562e-02
1.836943626403808594e-02
1.546621322631835938e-02
1.675415039062500000e-02
1.718235015869140625e-02
1.651263236999511719e-02
1.853609085083007812e-02
1.710796356201171875e-02
1.705026626586914062e-02
1.774048805236816406e-02
1.795482635498046875e-02
1.631259918212890625e-02
1.658248901367187500e-02
1.702928543090820312e-02
1.547551155090332031e-02
1.849675178527832031e-02
1.628613471984863281e-02
1.882433891296386719e-02
1.559185981750488281e-02
1.761674880981445312e-02
1.806688308715820312e-02
1.680636405944824219e-02
1.852679252624511719e-02
1.755452156066894531e-02
1.783657073974609375e-02
1.706361770629882812e-02
1.569151878356933594e-02
1.737260818481445312e-02
1.632666587829589844e-02
1.724767684936523438e-02
1.722812652587890625e-02
1.688504219055175781e-02
2.010512351989746094e-02
1.696753501892089844e-02
1.820921897888183594e-02
1.996040344238281250e-02
1.677131652832031250e-02
1.796650886535644531e-02
1.994252204895019531e-02
1.805377006530761719e-02
1.722478866577148438e-02
1.865792274475097656e-02
1.948833465576171875e-02
1.784157752990722656e-02
1.754713058471679688e-02
1.688909530639648438e-02
1.654696464538574219e-02
1.726174354553222656e-02
1.603746414184570312e-02
1.837706565856933594e-02
1.776218414306640625e-02
1.606440544128417969e-02
1.558804512023925781e-02
1.720905303955078125e-02
1.993465423583984375e-02
1.803898811340332031e-02
1.643133163452148438e-02
1.648569107055664062e-02
1.722621917724609375e-02
1.718401908874511719e-02
1.784801483154296875e-02
1.676440238952636719e-02
1.715993881225585938e-02
1.711702346801757812e-02
1.707410812377929688e-02
1.721477508544921875e-02
1.598381996154785156e-02
1.722621917724609375e-02
1.607584953308105469e-02
1.652812957763671875e-02
1.722621917724609375e-02
2.078747749328613281e-02
1.630401611328125000e-02
1.705384254455566406e-02
1.745963096618652344e-02
1.727819442749023438e-02
1.593255996704101562e-02
1.767063140869140625e-02
1.731252670288085938e-02
1.776790618896484375e-02
1.874327659606933594e-02
1.779294013977050781e-02
1.769542694091796875e-02
1.965379714965820312e-02
2.090215682983398438e-02
1.845812797546386719e-02
1.585555076599121094e-02
1.847290992736816406e-02
1.741099357604980469e-02
1.712512969970703125e-02
1.653313636779785156e-02
1.940703392028808594e-02
2.009892463684082031e-02
1.745891571044921875e-02
1.685500144958496094e-02
1.705980300903320312e-02
1.609420776367187500e-02
1.623058319091796875e-02
1.715254783630371094e-02
1.765489578247070312e-02
1.728534698486328125e-02
1.701879501342773438e-02
1.629400253295898438e-02
1.633024215698242188e-02
1.666522026062011719e-02
1.643180847167968750e-02
1.675271987915039062e-02
1.739478111267089844e-02
1.638317108154296875e-02
1.621413230895996094e-02
2.158093452453613281e-02
1.664590835571289062e-02
1.766729354858398438e-02
1.657271385192871094e-02
1.705837249755859375e-02
1.710700988769531250e-02
1.630687713623046875e-02
1.615667343139648438e-02
1.670551300048828125e-02
1.627779006958007812e-02
1.875448226928710938e-02
1.899862289428710938e-02
1.722908020019531250e-02
1.606464385986328125e-02
1.788711547851562500e-02
1.668596267700195312e-02
1.627016067504882812e-02
1.675081253051757812e-02
1.795482635498046875e-02
1.662182807922363281e-02
1.691389083862304688e-02
1.713538169860839844e-02
1.694297790527343750e-02
1.624488830566406250e-02
1.641011238098144531e-02
1.854944229125976562e-02
1.631188392639160156e-02
1.634216308593750000e-02
1.615500450134277344e-02
1.647830009460449219e-02
1.782822608947753906e-02
1.633858680725097656e-02
1.671767234802246094e-02
1.668310165405273438e-02
1.805591583251953125e-02
1.654338836669921875e-02
1.569795608520507812e-02
1.987862586975097656e-02
1.671481132507324219e-02
1.998925209045410156e-02
1.910996437072753906e-02
1.645898818969726562e-02
1.674962043762207031e-02
1.694536209106445312e-02
1.736044883728027344e-02
1.672673225402832031e-02
1.617312431335449219e-02
1.930618286132812500e-02
1.646256446838378906e-02
