7.658433914184570312e-02
7.197713851928710938e-02
7.109379768371582031e-02
6.507110595703125000e-02
7.943201065063476562e-02
8.297848701477050781e-02
7.195091247558593750e-02
7.244920730590820312e-02
6.507539749145507812e-02
7.683181762695312500e-02
7.507038116455078125e-02
7.612895965576171875e-02
8.504128456115722656e-02
9.604549407958984375e-02
8.706545829772949219e-02
8.947205543518066406e-02
8.406949043273925781e-02
7.878541946411132812e-02
6.393051147460937500e-02
6.585335731506347656e-02
7.117748260498046875e-02
8.141994476318359375e-02
7.585406303405761719e-02
8.202934265136718750e-02
8.198451995849609375e-02
7.821774482727050781e-02
6.518769264221191406e-02
6.404948234558105469e-02
6.447863578796386719e-02
7.227778434753417969e-02
9.489750862121582031e-02
7.828450202941894531e-02
1.059436798095703125e-01
8.240199089050292969e-02
8.132696151733398438e-02
7.268357276916503906e-02
8.144116401672363281e-02
6.932830810546875000e-02
8.717203140258789062e-02
7.151556015014648438e-02
6.899142265319824219e-02
7.198786735534667969e-02
6.980037689208984375e-02
1.002058982849121094e-01
9.125423431396484375e-02
1.119334697723388672e-01
3.111498355865478516e-01
1.179199218750000000e-01
1.068298816680908203e-01
7.505106925964355469e-02
8.123421669006347656e-02
7.964491844177246094e-02
7.253360748291015625e-02
9.821867942810058594e-02
8.637046813964843750e-02
7.597112655639648438e-02
7.825684547424316406e-02
1.108131408691406250e-01
7.101345062255859375e-02
7.038187980651855469e-02
9.500145912170410156e-02
8.910083770751953125e-02
3.428287506103515625e-01
9.692835807800292969e-02
6.422042846679687500e-02
6.183934211730957031e-02
8.816647529602050781e-02
6.100702285766601562e-02
6.981062889099121094e-02
8.659744262695312500e-02
6.603860855102539062e-02
8.815336227416992188e-02
6.983065605163574219e-02
7.071352005004882812e-02
6.462359428405761719e-02
5.120754241943359375e-02
6.060600280761718750e-02
6.806325912475585938e-02
8.422017097473144531e-02
8.668327331542968750e-02
8.423638343811035156e-02
9.491705894470214844e-02
3.120484352111816406e-01
8.198904991149902344e-02
8.356285095214843750e-02
6.481003761291503906e-02
8.007073402404785156e-02
3.424987792968750000e-01
6.262516975402832031e-02
1.112680435180664062e-01
8.209180831909179688e-02
7.349658012390136719e-02
8.740973472595214844e-02
1.028430461883544922e-01
1.098310947418212891e-01
7.537603378295898438e-02
7.075452804565429688e-02
1.111514568328857422e-01
8.045125007629394531e-02
9.319591522216796875e-02
9.987616539001464844e-02
3.108975887298583984e-01
6.992030143737792969e-02
8.204770088195800781e-02
6.236457824707031250e-02
7.764959335327148438e-02
6.828951835632324219e-02
6.953883171081542969e-02
7.344198226928710938e-02
9.181213378906250000e-02
6.871128082275390625e-02
7.815599441528320312e-02
7.250308990478515625e-02
8.181524276733398438e-02
6.325602531433105469e-02
8.437657356262207031e-02
1.019501686096191406e-01
1.062135696411132812e-01
6.336236000061035156e-02
6.685161590576171875e-02
9.800338745117187500e-02
7.886314392089843750e-02
7.425546646118164062e-02
7.708024978637695312e-02
8.380556106567382812e-02
7.401776313781738281e-02
6.886267662048339844e-02
7.046699523925781250e-02
7.721686363220214844e-02
6.396436691284179688e-02
6.298851966857910156e-02
9.701132774353027344e-02
6.671690940856933594e-02
6.993007659912109375e-02
6.437969207763671875e-02
1.004629135131835938e-01
6.963372230529785156e-02
8.809614181518554688e-02
7.469797134399414062e-02
3.240141868591308594e-01
8.073997497558593750e-02
8.360862731933593750e-02
1.012122631072998047e-01
1.075277328491210938e-01
1.130132675170898438e-01
7.995223999023437500e-02
9.005784988403320312e-02
8.141803741455078125e-02
7.439804077148437500e-02
1.131725311279296875e-01
7.594847679138183594e-02
9.582233428955078125e-02
3.173880577087402344e-01
7.165598869323730469e-02
6.044697761535644531e-02
6.460475921630859375e-02
6.999087333679199219e-02
2.819242477416992188e-01
7.103061676025390625e-02
6.828737258911132812e-02
1.051676273345947266e-01
1.201341152191162109e-01
6.814789772033691406e-02
7.404041290283203125e-02
6.707859039306640625e-02
7.465362548828125000e-02
6.889939308166503906e-02
7.602620124816894531e-02
7.703852653503417969e-02
8.908033370971679688e-02
6.535053253173828125e-02
5.455660820007324219e-02
6.482553482055664062e-02
9.195017814636230469e-02
6.883287429809570312e-02
5.984234809875488281e-02
7.837533950805664062e-02
9.319162368774414062e-02
9.581303596496582031e-02
8.699536323547363281e-02
8.100509643554687500e-02
1.075305938720703125e-01
6.506252288818359375e-02
7.319736480712890625e-02
7.524800300598144531e-02
7.812809944152832031e-02
8.399057388305664062e-02
7.370972633361816406e-02
8.347105979919433594e-02
7.400584220886230469e-02
7.076930999755859375e-02
7.564401626586914062e-02
7.733988761901855469e-02
9.293699264526367188e-02
7.079887390136718750e-02
8.173656463623046875e-02
7.008957862854003906e-02
6.905460357666015625e-02
6.546449661254882812e-02
6.186652183532714844e-02
8.234167098999023438e-02
5.741810798645019531e-02
6.113243103027343750e-02
6.070923805236816406e-02
7.529139518737792969e-02
7.386851310729980469e-02
7.103919982910156250e-02
6.249094009399414062e-02
3.313543796539306641e-01
7.177400588989257812e-02
8.631229400634765625e-02
8.484077453613281250e-02
6.641578674316406250e-02
7.550406455993652344e-02
8.230090141296386719e-02
6.419801712036132812e-02
8.656072616577148438e-02
7.588076591491699219e-02
6.347727775573730469e-02
7.672858238220214844e-02
8.041477203369140625e-02
