1.957156658172607422e-01
1.377403736114501953e-01
1.252815723419189453e-01
1.605105400085449219e-01
1.378200054168701172e-01
1.356272697448730469e-01
2.337768077850341797e-01
1.236152648925781250e-01
1.250097751617431641e-01
1.707687377929687500e-01
1.385302543640136719e-01
1.410760879516601562e-01
2.109782695770263672e-01
1.510770320892333984e-01
1.597261428833007812e-01
1.542246341705322266e-01
1.512322425842285156e-01
1.806745529174804688e-01
1.299092769622802734e-01
1.293160915374755859e-01
1.239144802093505859e-01
1.843810081481933594e-01
1.419589519500732422e-01
1.820986270904541016e-01
1.425433158874511719e-01
1.318147182464599609e-01
1.332006454467773438e-01
1.667480468750000000e-01
1.341998577117919922e-01
1.302177906036376953e-01
1.981673240661621094e-01
1.792540550231933594e-01
2.092363834381103516e-01
1.470351219177246094e-01
1.495876312255859375e-01
1.944990158081054688e-01
1.433148384094238281e-01
1.243171691894531250e-01
1.901283264160156250e-01
1.382703781127929688e-01
1.404907703399658203e-01
1.326727867126464844e-01
1.640300750732421875e-01
1.752305030822753906e-01
2.005295753479003906e-01
1.716291904449462891e-01
2.194898128509521484e-01
1.759579181671142578e-01
1.841368675231933594e-01
1.790740489959716797e-01
1.379337310791015625e-01
1.413426399230957031e-01
1.771392822265625000e-01
1.823492050170898438e-01
1.838078498840332031e-01
1.291115283966064453e-01
1.301891803741455078e-01
2.238616943359375000e-01
1.294145584106445312e-01
1.204895973205566406e-01
2.131528854370117188e-01
1.572475433349609375e-01
2.133376598358154297e-01
1.669876575469970703e-01
1.239964962005615234e-01
1.540555953979492188e-01
1.496455669403076172e-01
1.117546558380126953e-01
1.723468303680419922e-01
1.516039371490478516e-01
1.158120632171630859e-01
1.844038963317871094e-01
1.243705749511718750e-01
1.199216842651367188e-01
1.206629276275634766e-01
1.402630805969238281e-01
1.149103641510009766e-01
1.285338401794433594e-01
2.015960216522216797e-01
1.548166275024414062e-01
1.275610923767089844e-01
2.145576477050781250e-01
1.125638484954833984e-01
1.466155052185058594e-01
1.913704872131347656e-01
1.200053691864013672e-01
1.619718074798583984e-01
2.178037166595458984e-01
1.074979305267333984e-01
2.224998474121093750e-01
1.452119350433349609e-01
1.545922756195068359e-01
1.849274635314941406e-01
1.780495643615722656e-01
2.277886867523193359e-01
1.403205394744873047e-01
1.418576240539550781e-01
2.105474472045898438e-01
1.416578292846679688e-01
1.771023273468017578e-01
2.049043178558349609e-01
1.777813434600830078e-01
2.218983173370361328e-01
1.348261833190917969e-01
1.158323287963867188e-01
1.658437252044677734e-01
1.305375099182128906e-01
1.163907051086425781e-01
1.183085441589355469e-01
1.509296894073486328e-01
1.302604675292968750e-01
1.833689212799072266e-01
1.451129913330078125e-01
1.357493400573730469e-01
1.571054458618164062e-01
1.653594970703125000e-01
1.928701400756835938e-01
2.199056148529052734e-01
1.203496456146240234e-01
1.113545894622802734e-01
2.079298496246337891e-01
1.310455799102783203e-01
1.246149539947509766e-01
1.685554981231689453e-01
1.275856494903564453e-01
1.373465061187744141e-01
1.836276054382324219e-01
1.553578376770019531e-01
1.173324584960937500e-01
1.528995037078857422e-01
1.177785396575927734e-01
1.814558506011962891e-01
1.215763092041015625e-01
1.637639999389648438e-01
1.334149837493896484e-01
1.762292385101318359e-01
1.656229496002197266e-01
1.825675964355468750e-01
1.180546283721923828e-01
1.673111915588378906e-01
1.522090435028076172e-01
1.780512332916259766e-01
1.699738502502441406e-01
1.921589374542236328e-01
2.215411663055419922e-01
1.614751815795898438e-01
1.900749206542968750e-01
1.362397670745849609e-01
1.172816753387451172e-01
2.339670658111572266e-01
1.442823410034179688e-01
2.003817558288574219e-01
1.644756793975830078e-01
1.373088359832763672e-01
1.144061088562011719e-01
1.479368209838867188e-01
1.337354183197021484e-01
1.250998973846435547e-01
1.306185722351074219e-01
1.667842864990234375e-01
2.053508758544921875e-01
2.217845916748046875e-01
1.220118999481201172e-01
1.514341831207275391e-01
1.617002487182617188e-01
1.328709125518798828e-01
1.316728591918945312e-01
1.634654998779296875e-01
1.594026088714599609e-01
1.714007854461669922e-01
1.580359935760498047e-01
9.799838066101074219e-02
1.149880886077880859e-01
1.596269607543945312e-01
1.572442054748535156e-01
1.113600730895996094e-01
1.292879581451416016e-01
2.367649078369140625e-01
1.895110607147216797e-01
1.493277549743652344e-01
1.704256534576416016e-01
1.951203346252441406e-01
1.216998100280761719e-01
1.756038665771484375e-01
1.456539630889892578e-01
1.293823719024658203e-01
1.770536899566650391e-01
1.424648761749267578e-01
1.302824020385742188e-01
1.784007549285888672e-01
1.301696300506591797e-01
1.413679122924804688e-01
1.876192092895507812e-01
1.623010635375976562e-01
1.314661502838134766e-01
1.869573593139648438e-01
1.275467872619628906e-01
1.379785537719726562e-01
1.575932502746582031e-01
1.176946163177490234e-01
1.298162937164306641e-01
1.459846496582031250e-01
1.129224300384521484e-01
1.168634891510009766e-01
1.346933841705322266e-01
1.903557777404785156e-01
1.308002471923828125e-01
1.321942806243896484e-01
2.029190063476562500e-01
1.243641376495361328e-01
1.437726020812988281e-01
1.685326099395751953e-01
1.235446929931640625e-01
1.754248142242431641e-01
1.839306354522705078e-01
1.091730594635009766e-01
1.510176658630371094e-01
1.670970916748046875e-01
1.184160709381103516e-01
1.316938400268554688e-01
1.995232105255126953e-01
