2.257513999938964844e-02
6.636786460876464844e-02
1.001167297363281250e-02
1.119136810302734375e-02
1.334118843078613281e-02
1.181626319885253906e-02
1.091361045837402344e-02
1.267099380493164062e-02
1.254439353942871094e-02
1.302194595336914062e-02
1.361894607543945312e-02
1.284074783325195312e-02
1.324629783630371094e-02
1.637220382690429688e-02
1.171326637268066406e-02
1.170516014099121094e-02
1.560139656066894531e-02
1.543259620666503906e-02
1.382303237915039062e-02
1.081681251525878906e-02
1.713657379150390625e-02
1.161122322082519531e-02
1.169800758361816406e-02
1.197504997253417969e-02
1.123738288879394531e-02
1.205968856811523438e-02
1.016712188720703125e-02
1.113986968994140625e-02
1.142883300781250000e-02
1.122975349426269531e-02
1.178050041198730469e-02
1.103687286376953125e-02
1.221752166748046875e-02
1.137685775756835938e-02
1.160860061645507812e-02
1.462745666503906250e-02
1.100826263427734375e-02
1.286983489990234375e-02
1.159811019897460938e-02
1.160669326782226562e-02
1.099109649658203125e-02
1.165890693664550781e-02
1.094841957092285156e-02
1.259970664978027344e-02
1.131129264831542969e-02
1.264810562133789062e-02
1.775193214416503906e-02
1.389431953430175781e-02
1.902937889099121094e-02
1.309108734130859375e-02
1.090168952941894531e-02
1.303577423095703125e-02
1.058912277221679688e-02
1.293873786926269531e-02
1.152563095092773438e-02
1.267218589782714844e-02
1.083040237426757812e-02
1.312708854675292969e-02
1.120066642761230469e-02
1.083850860595703125e-02
1.159858703613281250e-02
1.188468933105468750e-02
1.184892654418945312e-02
1.686549186706542969e-02
1.331877708435058594e-02
1.096534729003906250e-02
1.122379302978515625e-02
1.054596900939941406e-02
1.051712036132812500e-02
1.201295852661132812e-02
1.037454605102539062e-02
1.585602760314941406e-02
1.219177246093750000e-02
1.465797424316406250e-02
1.684927940368652344e-02
1.692748069763183594e-02
9.905099868774414062e-03
1.148986816406250000e-02
1.449584960937500000e-02
1.616191864013671875e-02
1.323986053466796875e-02
1.247215270996093750e-02
9.748220443725585938e-03
1.164603233337402344e-02
1.148271560668945312e-02
1.360154151916503906e-02
1.281261444091796875e-02
1.286363601684570312e-02
1.210975646972656250e-02
1.478338241577148438e-02
1.077556610107421875e-02
1.115369796752929688e-02
1.124811172485351562e-02
1.343345642089843750e-02
1.252865791320800781e-02
1.164603233337402344e-02
1.090502738952636719e-02
1.337289810180664062e-02
1.100945472717285156e-02
1.849269866943359375e-02
1.201176643371582031e-02
1.293182373046875000e-02
1.085638999938964844e-02
1.152634620666503906e-02
1.047563552856445312e-02
1.182484626770019531e-02
1.046061515808105469e-02
1.110649108886718750e-02
1.391553878784179688e-02
1.207590103149414062e-02
1.127099990844726562e-02
1.129031181335449219e-02
1.088380813598632812e-02
1.201820373535156250e-02
1.009106636047363281e-02
1.314353942871093750e-02
1.557445526123046875e-02
1.497125625610351562e-02
1.058959960937500000e-02
1.445841789245605469e-02
1.181149482727050781e-02
1.232457160949707031e-02
1.213979721069335938e-02
1.105380058288574219e-02
1.108002662658691406e-02
1.139736175537109375e-02
1.056003570556640625e-02
1.132607460021972656e-02
1.058316230773925781e-02
1.082801818847656250e-02
9.892940521240234375e-03
1.394462585449218750e-02
1.286363601684570312e-02
1.126098632812500000e-02
1.158642768859863281e-02
1.395559310913085938e-02
1.440620422363281250e-02
1.297569274902343750e-02
1.086735725402832031e-02
1.160502433776855469e-02
1.152968406677246094e-02
1.596355438232421875e-02
1.238703727722167969e-02
1.315736770629882812e-02
1.241159439086914062e-02
1.632380485534667969e-02
1.446413993835449219e-02
1.613879203796386719e-02
1.282668113708496094e-02
1.301479339599609375e-02
1.107096672058105469e-02
1.238560676574707031e-02
1.026868820190429688e-02
1.183962821960449219e-02
1.096820831298828125e-02
1.088380813598632812e-02
1.196122169494628906e-02
1.142692565917968750e-02
1.133561134338378906e-02
1.142787933349609375e-02
1.368999481201171875e-02
1.855230331420898438e-02
1.067566871643066406e-02
1.465344429016113281e-02
1.412677764892578125e-02
1.305246353149414062e-02
1.075387001037597656e-02
1.100182533264160156e-02
1.218771934509277344e-02
1.580643653869628906e-02
1.241827011108398438e-02
1.269555091857910156e-02
1.290464401245117188e-02
1.210188865661621094e-02
1.088976860046386719e-02
1.112318038940429688e-02
1.210355758666992188e-02
1.187229156494140625e-02
1.177477836608886719e-02
1.178741455078125000e-02
1.026749610900878906e-02
1.301980018615722656e-02
9.700536727905273438e-03
1.152014732360839844e-02
1.069426536560058594e-02
1.173925399780273438e-02
1.233863830566406250e-02
1.160335540771484375e-02
1.063013076782226562e-02
1.172137260437011719e-02
1.160740852355957031e-02
1.150465011596679688e-02
1.646184921264648438e-02
1.349544525146484375e-02
1.545000076293945312e-02
1.740026473999023438e-02
1.546621322631835938e-02
1.178121566772460938e-02
1.047682762145996094e-02
1.175045967102050781e-02
1.179504394531250000e-02
1.016139984130859375e-02
9.423255920410156250e-03
1.077914237976074219e-02
1.034116744995117188e-02
1.165652275085449219e-02
1.178956031799316406e-02
1.406979560852050781e-02
1.640558242797851562e-02
1.342797279357910156e-02
1.106476783752441406e-02
1.126909255981445312e-02
1.082873344421386719e-02
1.182508468627929688e-02
1.096272468566894531e-02
1.026201248168945312e-02
1.515531539916992188e-02
1.445102691650390625e-02
1.021671295166015625e-02
1.160717010498046875e-02
1.102113723754882812e-02
