1.945645809173583984e-01
1.921055316925048828e-01
1.487739086151123047e-01
1.490337848663330078e-01
1.636445522308349609e-01
2.021083831787109375e-01
1.621196269989013672e-01
1.854777336120605469e-01
1.815228462219238281e-01
1.604456901550292969e-01
1.841650009155273438e-01
1.963014602661132812e-01
1.965663433074951172e-01
2.309749126434326172e-01
1.990921497344970703e-01
1.950249671936035156e-01
2.184476852416992188e-01
1.726925373077392578e-01
1.405444145202636719e-01
1.932635307312011719e-01
1.461958885192871094e-01
1.777741909027099609e-01
1.963593959808349609e-01
1.668179035186767578e-01
1.896469593048095703e-01
2.018010616302490234e-01
1.600358486175537109e-01
1.585292816162109375e-01
1.863284111022949219e-01
1.609475612640380859e-01
1.914665699005126953e-01
1.940171718597412109e-01
2.239966392517089844e-01
1.690855026245117188e-01
2.081692218780517578e-01
1.633734703063964844e-01
1.500639915466308594e-01
1.795821189880371094e-01
1.878340244293212891e-01
1.631100177764892578e-01
1.959347724914550781e-01
1.584603786468505859e-01
1.583812236785888672e-01
2.560627460479736328e-01
1.961307525634765625e-01
2.772550582885742188e-01
2.212235927581787109e-01
2.702801227569580078e-01
2.203402519226074219e-01
2.119512557983398438e-01
1.570789813995361328e-01
1.796660423278808594e-01
2.163293361663818359e-01
2.162179946899414062e-01
2.012448310852050781e-01
1.947011947631835938e-01
1.618256568908691406e-01
2.578179836273193359e-01
1.645321846008300781e-01
1.392910480499267578e-01
2.522854804992675781e-01
1.879181861877441406e-01
2.141461372375488281e-01
2.480237483978271484e-01
1.446275711059570312e-01
1.369245052337646484e-01
2.124614715576171875e-01
1.420726776123046875e-01
1.677412986755371094e-01
2.214059829711914062e-01
1.454479694366455078e-01
2.380199432373046875e-01
1.576066017150878906e-01
1.432638168334960938e-01
1.599225997924804688e-01
1.503207683563232422e-01
1.288263797760009766e-01
1.528060436248779297e-01
2.216353416442871094e-01
1.851141452789306641e-01
1.582195758819580078e-01
2.801017761230468750e-01
1.322045326232910156e-01
1.881988048553466797e-01
2.219598293304443359e-01
1.498231887817382812e-01
1.727509498596191406e-01
2.424178123474121094e-01
1.286408901214599609e-01
2.787461280822753906e-01
1.833086013793945312e-01
1.784162521362304688e-01
2.248637676239013672e-01
2.338647842407226562e-01
2.502293586730957031e-01
1.690497398376464844e-01
1.462876796722412109e-01
2.554790973663330078e-01
1.789963245391845703e-01
2.794930934906005859e-01
2.145304679870605469e-01
2.636945247650146484e-01
1.610305309295654297e-01
1.738634109497070312e-01
1.772904396057128906e-01
1.477570533752441406e-01
1.725342273712158203e-01
1.537063121795654297e-01
1.848082542419433594e-01
1.919066905975341797e-01
1.550097465515136719e-01
2.029736042022705078e-01
1.696257591247558594e-01
1.744165420532226562e-01
1.686134338378906250e-01
1.938235759735107422e-01
2.639160156250000000e-01
2.308170795440673828e-01
1.450145244598388672e-01
1.924061775207519531e-01
2.025067806243896484e-01
1.692857742309570312e-01
1.762707233428955078e-01
1.760270595550537109e-01
1.492321491241455078e-01
1.955313682556152344e-01
1.416208744049072266e-01
1.385335922241210938e-01
1.876826286315917969e-01
1.475059986114501953e-01
1.453795433044433594e-01
2.564239501953125000e-01
1.557612419128417969e-01
1.567182540893554688e-01
1.504859924316406250e-01
2.531039714813232422e-01
1.361823081970214844e-01
2.453925609588623047e-01
1.387388706207275391e-01
1.563749313354492188e-01
2.046539783477783203e-01
1.759188175201416016e-01
2.204034328460693359e-01
2.543158531188964844e-01
2.371902465820312500e-01
2.308461666107177734e-01
1.819224357604980469e-01
1.789996623992919922e-01
1.872127056121826172e-01
2.233109474182128906e-01
2.080824375152587891e-01
2.164890766143798828e-01
1.454498767852783203e-01
1.865675449371337891e-01
1.349232196807861328e-01
1.372866630554199219e-01
1.656134128570556641e-01
2.127981185913085938e-01
1.581311225891113281e-01
1.608574390411376953e-01
2.558934688568115234e-01
2.309315204620361328e-01
1.863007545471191406e-01
1.661548614501953125e-01
1.457731723785400391e-01
1.968924999237060547e-01
1.658277511596679688e-01
1.433556079864501953e-01
1.846842765808105469e-01
2.584638595581054688e-01
1.635878086090087891e-01
1.159849166870117188e-01
1.866412162780761719e-01
1.955196857452392578e-01
1.502490043640136719e-01
1.741409301757812500e-01
1.688690185546875000e-01
2.074415683746337891e-01
2.502789497375488281e-01
1.600501537322998047e-01
1.635088920593261719e-01
2.608344554901123047e-01
1.307017803192138672e-01
2.060015201568603516e-01
1.673102378845214844e-01
1.749742031097412109e-01
2.071490287780761719e-01
1.468367576599121094e-01
1.737520694732666016e-01
1.791558265686035156e-01
1.901910305023193359e-01
1.707286834716796875e-01
2.172002792358398438e-01
2.126700878143310547e-01
1.579351425170898438e-01
2.187027931213378906e-01
1.453762054443359375e-01
1.656508445739746094e-01
2.010066509246826172e-01
1.394922733306884766e-01
1.666266918182373047e-01
1.265547275543212891e-01
1.840515136718750000e-01
1.348664760589599609e-01
1.594617366790771484e-01
1.984493732452392578e-01
1.459100246429443359e-01
1.325957775115966797e-01
1.786046028137207031e-01
1.751277446746826172e-01
1.802670955657958984e-01
1.908218860626220703e-01
1.602647304534912109e-01
1.684694290161132812e-01
2.127079963684082031e-01
1.297309398651123047e-01
1.947693824768066406e-01
1.596565246582031250e-01
1.680984497070312500e-01
1.651403903961181641e-01
1.803984642028808594e-01
