2.207565307617187500e-02
1.386165618896484375e-02
1.234340667724609375e-02
1.277327537536621094e-02
1.863932609558105469e-02
2.100276947021484375e-02
1.388931274414062500e-02
1.075673103332519531e-02
1.130771636962890625e-02
1.119089126586914062e-02
1.116633415222167969e-02
1.098656654357910156e-02
1.568961143493652344e-02
1.126503944396972656e-02
1.199102401733398438e-02
1.166605949401855469e-02
1.230025291442871094e-02
1.167774200439453125e-02
1.474022865295410156e-02
1.101493835449218750e-02
1.109075546264648438e-02
1.083874702453613281e-02
1.159596443176269531e-02
1.101064682006835938e-02
1.464009284973144531e-02
1.398468017578125000e-02
1.142430305480957031e-02
1.184535026550292969e-02
1.602435111999511719e-02
1.139545440673828125e-02
1.176023483276367188e-02
1.419353485107421875e-02
1.445889472961425781e-02
1.066780090332031250e-02
1.143074035644531250e-02
1.139974594116210938e-02
1.616096496582031250e-02
1.077246665954589844e-02
1.288342475891113281e-02
1.195263862609863281e-02
1.286315917968750000e-02
1.500535011291503906e-02
1.276397705078125000e-02
1.436829566955566406e-02
1.539611816406250000e-02
1.235771179199218750e-02
1.499009132385253906e-02
1.262187957763671875e-02
1.311373710632324219e-02
1.074981689453125000e-02
1.130557060241699219e-02
1.532721519470214844e-02
1.243400573730468750e-02
1.188349723815917969e-02
1.235413551330566406e-02
1.108503341674804688e-02
1.139807701110839844e-02
1.227188110351562500e-02
1.162219047546386719e-02
1.372933387756347656e-02
1.425671577453613281e-02
1.159000396728515625e-02
1.273655891418457031e-02
1.186823844909667969e-02
1.425957679748535156e-02
1.319408416748046875e-02
1.455688476562500000e-02
1.420450210571289062e-02
1.163291931152343750e-02
1.124191284179687500e-02
1.124715805053710938e-02
1.101422309875488281e-02
1.126337051391601562e-02
1.049208641052246094e-02
1.685881614685058594e-02
1.077461242675781250e-02
1.040768623352050781e-02
1.089143753051757812e-02
1.198840141296386719e-02
1.159214973449707031e-02
1.192593574523925781e-02
1.170349121093750000e-02
1.061129570007324219e-02
1.089406013488769531e-02
1.221299171447753906e-02
1.063036918640136719e-02
1.164579391479492188e-02
1.369047164916992188e-02
1.139378547668457031e-02
1.168966293334960938e-02
1.237535476684570312e-02
1.104903221130371094e-02
1.227951049804687500e-02
1.292061805725097656e-02
1.632952690124511719e-02
1.454710960388183594e-02
1.679873466491699219e-02
1.771140098571777344e-02
1.517319679260253906e-02
1.430726051330566406e-02
1.378560066223144531e-02
1.197457313537597656e-02
1.317095756530761719e-02
1.171517372131347656e-02
1.134967803955078125e-02
1.091170310974121094e-02
1.128387451171875000e-02
1.090502738952636719e-02
1.098656654357910156e-02
1.139092445373535156e-02
1.104426383972167969e-02
1.105403900146484375e-02
1.253461837768554688e-02
1.144790649414062500e-02
1.204562187194824219e-02
1.172089576721191406e-02
1.273798942565917969e-02
1.272463798522949219e-02
1.156020164489746094e-02
9.860038757324218750e-03
1.281166076660156250e-02
1.081490516662597656e-02
1.105809211730957031e-02
1.050162315368652344e-02
1.595640182495117188e-02
1.189494132995605469e-02
1.170778274536132812e-02
1.098489761352539062e-02
1.088690757751464844e-02
1.070094108581542969e-02
1.097631454467773438e-02
1.198339462280273438e-02
1.096343994140625000e-02
1.563000679016113281e-02
1.114106178283691406e-02
1.193356513977050781e-02
1.151227951049804688e-02
1.203656196594238281e-02
5.684566497802734375e-02
1.141428947448730469e-02
1.074314117431640625e-02
1.140260696411132812e-02
1.472735404968261719e-02
1.749134063720703125e-02
1.361727714538574219e-02
1.302361488342285156e-02
1.059961318969726562e-02
1.138067245483398438e-02
1.200151443481445312e-02
1.259589195251464844e-02
1.048350334167480469e-02
1.202011108398437500e-02
1.043343544006347656e-02
1.128268241882324219e-02
9.973049163818359375e-03
1.074409484863281250e-02
1.248955726623535156e-02
1.110458374023437500e-02
1.097202301025390625e-02
1.095104217529296875e-02
1.221942901611328125e-02
1.390290260314941406e-02
1.094245910644531250e-02
1.164674758911132812e-02
1.051807403564453125e-02
1.107645034790039062e-02
1.074099540710449219e-02
1.092624664306640625e-02
1.215124130249023438e-02
1.253080368041992188e-02
1.176905632019042969e-02
1.035618782043457031e-02
1.039767265319824219e-02
1.173615455627441406e-02
1.667380332946777344e-02
1.092624664306640625e-02
1.074743270874023438e-02
1.192092895507812500e-02
1.183509826660156250e-02
1.178121566772460938e-02
1.064729690551757812e-02
1.229500770568847656e-02
9.805917739868164062e-03
1.214361190795898438e-02
1.101565361022949219e-02
1.704502105712890625e-02
1.096558570861816406e-02
1.101446151733398438e-02
1.119804382324218750e-02
1.190257072448730469e-02
1.066660881042480469e-02
1.140999794006347656e-02
1.098775863647460938e-02
1.278400421142578125e-02
1.020026206970214844e-02
1.199007034301757812e-02
1.099371910095214844e-02
1.161289215087890625e-02
9.816646575927734375e-03
1.119279861450195312e-02
1.071691513061523438e-02
9.911298751831054688e-03
9.681463241577148438e-03
1.112627983093261719e-02
1.121497154235839844e-02
1.164746284484863281e-02
1.295351982116699219e-02
1.132965087890625000e-02
1.166319847106933594e-02
1.737308502197265625e-02
1.117634773254394531e-02
1.127099990844726562e-02
1.056671142578125000e-02
1.139259338378906250e-02
1.077675819396972656e-02
9.913682937622070312e-03
1.704144477844238281e-02
1.096177101135253906e-02
1.066803932189941406e-02
1.152658462524414062e-02
1.093840599060058594e-02
