2.225661277770996094e-02
1.895523071289062500e-02
1.867294311523437500e-02
2.147126197814941406e-02
1.770710945129394531e-02
1.928281784057617188e-02
1.989603042602539062e-02
1.915478706359863281e-02
1.836657524108886719e-02
1.755213737487792969e-02
1.875305175781250000e-02
2.311849594116210938e-02
1.896834373474121094e-02
1.887178421020507812e-02
1.729321479797363281e-02
1.909661293029785156e-02
1.877808570861816406e-02
1.841425895690917969e-02
1.842832565307617188e-02
2.241659164428710938e-02
1.690793037414550781e-02
1.818275451660156250e-02
1.665616035461425781e-02
1.751589775085449219e-02
1.974201202392578125e-02
1.963257789611816406e-02
1.778173446655273438e-02
2.027297019958496094e-02
1.680278778076171875e-02
1.793742179870605469e-02
1.713657379150390625e-02
2.055907249450683594e-02
2.234530448913574219e-02
1.917386054992675781e-02
1.963973045349121094e-02
1.726722717285156250e-02
1.813769340515136719e-02
1.705503463745117188e-02
1.862478256225585938e-02
1.825881004333496094e-02
1.780748367309570312e-02
1.769208908081054688e-02
1.677083969116210938e-02
2.017784118652343750e-02
1.747035980224609375e-02
1.979541778564453125e-02
2.024197578430175781e-02
1.837563514709472656e-02
1.941800117492675781e-02
1.660871505737304688e-02
1.819205284118652344e-02
1.771950721740722656e-02
1.945567131042480469e-02
2.102136611938476562e-02
1.799559593200683594e-02
1.821327209472656250e-02
1.744604110717773438e-02
1.938915252685546875e-02
1.784229278564453125e-02
1.796746253967285156e-02
1.873445510864257812e-02
1.844787597656250000e-02
1.912808418273925781e-02
1.809883117675781250e-02
2.066397666931152344e-02
2.086830139160156250e-02
2.056527137756347656e-02
1.753926277160644531e-02
1.754212379455566406e-02
1.877713203430175781e-02
1.670837402343750000e-02
1.872682571411132812e-02
2.076601982116699219e-02
1.899528503417968750e-02
1.921343803405761719e-02
1.683688163757324219e-02
1.769900321960449219e-02
1.759886741638183594e-02
2.155780792236328125e-02
1.873087882995605469e-02
1.908326148986816406e-02
1.900291442871093750e-02
1.636075973510742188e-02
1.878762245178222656e-02
1.763629913330078125e-02
1.759028434753417969e-02
1.869010925292968750e-02
1.901316642761230469e-02
1.722979545593261719e-02
1.916337013244628906e-02
1.837897300720214844e-02
1.983880996704101562e-02
1.822066307067871094e-02
1.911067962646484375e-02
1.897215843200683594e-02
2.047896385192871094e-02
2.270412445068359375e-02
1.991653442382812500e-02
1.892876625061035156e-02
1.966357231140136719e-02
1.882672309875488281e-02
2.094054222106933594e-02
1.804423332214355469e-02
1.896524429321289062e-02
2.159857749938964844e-02
1.776099205017089844e-02
1.833510398864746094e-02
1.746940612792968750e-02
1.935696601867675781e-02
1.974987983703613281e-02
1.815629005432128906e-02
1.946330070495605469e-02
1.774978637695312500e-02
1.914882659912109375e-02
1.713585853576660156e-02
1.894450187683105469e-02
2.023315429687500000e-02
1.863193511962890625e-02
1.891827583312988281e-02
1.694250106811523438e-02
1.911997795104980469e-02
1.883602142333984375e-02
1.942300796508789062e-02
1.870608329772949219e-02
1.718664169311523438e-02
1.780796051025390625e-02
1.703023910522460938e-02
1.722645759582519531e-02
1.784014701843261719e-02
1.743149757385253906e-02
1.771259307861328125e-02
2.113509178161621094e-02
2.061176300048828125e-02
2.370429039001464844e-02
1.670432090759277344e-02
1.960301399230957031e-02
1.749730110168457031e-02
1.735472679138183594e-02
1.794719696044921875e-02
1.878070831298828125e-02
1.897525787353515625e-02
1.886487007141113281e-02
1.861667633056640625e-02
1.907968521118164062e-02
1.940798759460449219e-02
1.923894882202148438e-02
1.959943771362304688e-02
1.727819442749023438e-02
1.763439178466796875e-02
1.905703544616699219e-02
1.784658432006835938e-02
1.924419403076171875e-02
2.130317687988281250e-02
1.745200157165527344e-02
1.685333251953125000e-02
1.822805404663085938e-02
1.764822006225585938e-02
1.888132095336914062e-02
1.919317245483398438e-02
2.397036552429199219e-02
2.183055877685546875e-02
1.926183700561523438e-02
1.729941368103027344e-02
1.745915412902832031e-02
1.750779151916503906e-02
1.894044876098632812e-02
1.819705963134765625e-02
1.536250114440917969e-02
1.772761344909667969e-02
1.883816719055175781e-02
1.728725433349609375e-02
1.731705665588378906e-02
1.764583587646484375e-02
1.870894432067871094e-02
1.713824272155761719e-02
1.779985427856445312e-02
1.871299743652343750e-02
1.816272735595703125e-02
1.805925369262695312e-02
1.682400703430175781e-02
1.828360557556152344e-02
1.954030990600585938e-02
1.581788063049316406e-02
1.925468444824218750e-02
1.782679557800292969e-02
2.078890800476074219e-02
1.881766319274902344e-02
1.695775985717773438e-02
1.803565025329589844e-02
1.824092864990234375e-02
1.945972442626953125e-02
1.825404167175292969e-02
1.799082756042480469e-02
1.908159255981445312e-02
1.689267158508300781e-02
1.892542839050292969e-02
1.778006553649902344e-02
1.843070983886718750e-02
1.999783515930175781e-02
1.549267768859863281e-02
2.037763595581054688e-02
1.861095428466796875e-02
1.706123352050781250e-02
1.775979995727539062e-02
1.806211471557617188e-02
1.733589172363281250e-02
1.994919776916503906e-02
1.591563224792480469e-02
1.862144470214843750e-02
1.648926734924316406e-02
1.830911636352539062e-02
1.973438262939453125e-02
1.943111419677734375e-02
1.797509193420410156e-02
1.819300651550292969e-02
2.005982398986816406e-02
1.868557929992675781e-02
1.791930198669433594e-02
1.708388328552246094e-02
1.800417900085449219e-02
1.842594146728515625e-02
