1.226511001586914062e-01
7.621717453002929688e-02
1.123924255371093750e-01
7.887601852416992188e-02
8.319163322448730469e-02
8.665537834167480469e-02
8.037948608398437500e-02
7.927989959716796875e-02
6.540775299072265625e-02
7.293891906738281250e-02
7.861614227294921875e-02
8.478260040283203125e-02
8.934593200683593750e-02
8.654904365539550781e-02
9.409570693969726562e-02
8.636808395385742188e-02
9.218859672546386719e-02
7.968330383300781250e-02
6.751489639282226562e-02
6.674623489379882812e-02
7.294631004333496094e-02
7.790923118591308594e-02
7.510066032409667969e-02
7.844090461730957031e-02
8.242058753967285156e-02
3.248710632324218750e-01
7.084178924560546875e-02
6.928014755249023438e-02
6.296825408935546875e-02
7.041978836059570312e-02
9.070515632629394531e-02
7.081580162048339844e-02
1.038262844085693359e-01
7.701706886291503906e-02
8.061504364013671875e-02
7.337856292724609375e-02
8.021187782287597656e-02
7.283639907836914062e-02
8.619594573974609375e-02
3.314619064331054688e-01
7.147669792175292969e-02
3.262820243835449219e-01
8.468484878540039062e-02
3.069941997528076172e-01
8.754253387451171875e-02
3.550865650177001953e-01
3.073778152465820312e-01
1.102099418640136719e-01
1.000292301177978516e-01
7.104635238647460938e-02
7.088494300842285156e-02
7.162880897521972656e-02
7.696938514709472656e-02
9.942054748535156250e-02
8.515048027038574219e-02
7.901740074157714844e-02
8.354902267456054688e-02
1.105928421020507812e-01
6.825566291809082031e-02
6.800150871276855469e-02
3.056011199951171875e-01
9.523177146911621094e-02
3.047173023223876953e-01
1.053035259246826172e-01
6.409335136413574219e-02
7.025098800659179688e-02
8.503222465515136719e-02
6.569433212280273438e-02
7.652449607849121094e-02
8.433985710144042969e-02
7.067131996154785156e-02
3.313999176025390625e-01
6.784296035766601562e-02
7.036304473876953125e-02
7.107758522033691406e-02
5.119228363037109375e-02
5.796575546264648438e-02
7.078027725219726562e-02
8.752751350402832031e-02
8.415627479553222656e-02
7.099294662475585938e-02
9.987497329711914062e-02
5.747914314270019531e-02
8.053684234619140625e-02
3.400793075561523438e-01
6.563210487365722656e-02
8.533692359924316406e-02
1.091196537017822266e-01
6.031584739685058594e-02
1.039862632751464844e-01
9.387874603271484375e-02
8.322215080261230469e-02
8.604216575622558594e-02
1.115648746490478516e-01
3.585498332977294922e-01
7.484006881713867188e-02
6.969380378723144531e-02
9.993958473205566406e-02
8.573937416076660156e-02
9.663319587707519531e-02
1.009745597839355469e-01
1.146986484527587891e-01
6.996655464172363281e-02
7.870030403137207031e-02
6.880617141723632812e-02
7.453584671020507812e-02
7.989263534545898438e-02
7.404994964599609375e-02
7.027673721313476562e-02
9.132790565490722656e-02
7.583045959472656250e-02
9.358692169189453125e-02
7.485246658325195312e-02
7.522082328796386719e-02
6.859898567199707031e-02
8.732986450195312500e-02
1.086745262145996094e-01
9.910154342651367188e-02
6.597089767456054688e-02
3.260700702667236328e-01
9.530115127563476562e-02
7.807874679565429688e-02
6.796574592590332031e-02
7.261657714843750000e-02
6.675028800964355469e-02
7.461380958557128906e-02
7.110190391540527344e-02
6.638789176940917969e-02
6.293606758117675781e-02
6.664514541625976562e-02
6.122612953186035156e-02
9.735059738159179688e-02
6.456208229064941406e-02
7.979536056518554688e-02
7.277679443359375000e-02
1.077170372009277344e-01
6.829714775085449219e-02
9.239411354064941406e-02
7.252430915832519531e-02
7.830047607421875000e-02
8.047604560852050781e-02
7.628464698791503906e-02
1.001458168029785156e-01
1.158695220947265625e-01
1.117451190948486328e-01
8.508753776550292969e-02
7.864451408386230469e-02
7.916569709777832031e-02
6.891775131225585938e-02
1.164338588714599609e-01
3.251795768737792969e-01
9.381508827209472656e-02
7.318687438964843750e-02
7.186388969421386719e-02
6.547784805297851562e-02
6.099128723144531250e-02
7.527971267700195312e-02
7.575273513793945312e-02
7.140827178955078125e-02
6.738591194152832031e-02
1.106109619140625000e-01
1.015045642852783203e-01
6.567931175231933594e-02
8.385658264160156250e-02
6.936979293823242188e-02
8.624291419982910156e-02
7.025766372680664062e-02
6.518554687500000000e-02
8.927822113037109375e-02
8.977246284484863281e-02
6.465029716491699219e-02
4.940462112426757812e-02
6.094050407409667969e-02
9.177660942077636719e-02
6.454300880432128906e-02
6.399059295654296875e-02
7.429075241088867188e-02
8.737826347351074219e-02
9.720921516418457031e-02
7.777452468872070312e-02
7.331085205078125000e-02
1.011912822723388672e-01
5.451440811157226562e-02
7.743763923645019531e-02
7.141613960266113281e-02
7.083940505981445312e-02
8.780241012573242188e-02
6.471204757690429688e-02
7.401013374328613281e-02
7.497310638427734375e-02
7.057785987854003906e-02
7.385969161987304688e-02
7.604718208312988281e-02
8.965301513671875000e-02
6.977844238281250000e-02
8.478593826293945312e-02
7.112073898315429688e-02
7.294249534606933594e-02
6.506919860839843750e-02
7.074213027954101562e-02
7.767128944396972656e-02
5.304026603698730469e-02
6.531810760498046875e-02
6.994676589965820312e-02
6.749391555786132812e-02
7.664227485656738281e-02
6.550502777099609375e-02
7.145404815673828125e-02
8.535099029541015625e-02
6.719827651977539062e-02
9.175181388854980469e-02
7.328939437866210938e-02
6.582903861999511719e-02
8.152675628662109375e-02
7.951235771179199219e-02
5.762815475463867188e-02
8.708977699279785156e-02
8.083581924438476562e-02
6.357479095458984375e-02
7.992744445800781250e-02
2.880618572235107422e-01
