0.22708439826965332
0.22189998626708984
0.20824217796325684
0.2126784324645996
0.21754741668701172
0.23268365859985352
0.21698927879333496
0.22887754440307617
0.20981073379516602
0.21553945541381836
0.2355058193206787
0.22539186477661133
0.23685121536254883
0.24130749702453613
0.2447185516357422
0.2473452091217041
0.24478626251220703
0.2401111125946045
0.2086186408996582
0.21382427215576172
0.20721960067749023
0.22676992416381836
0.2175741195678711
0.23629975318908691
0.2293102741241455
0.22780442237854004
0.20924615859985352
0.20732378959655762
0.2117323875427246
0.21892380714416504
0.2301950454711914
0.20846199989318848
0.26564908027648926
0.23723745346069336
0.23020291328430176
0.22046732902526855
0.21717453002929688
0.2269728183746338
0.23642206192016602
0.23056840896606445
0.21730422973632812
0.2163541316986084
0.21842312812805176
0.25650453567504883
0.24252772331237793
0.2602088451385498
0.2645421028137207
0.28078651428222656
0.2718627452850342
0.21401143074035645
0.20785069465637207
0.2314434051513672
0.21403884887695312
0.26660704612731934
0.24300003051757812
0.21490049362182617
0.22775864601135254
0.27944207191467285
0.23076081275939941
0.2002270221710205
0.24807119369506836
0.2350292205810547
0.24918317794799805
0.24881720542907715
0.20368027687072754
0.20221734046936035
0.23893475532531738
0.1936955451965332
0.22600722312927246
0.24892973899841309
0.20220327377319336
0.2378225326538086
0.2195911407470703
0.2198026180267334
0.21733808517456055
0.18848609924316406
0.19265007972717285
0.22527241706848145
0.2391071319580078
0.2500143051147461
0.21486973762512207
0.25481224060058594
0.1984264850616455
0.24826669692993164
0.2317502498626709
0.21856427192687988
0.22362279891967773
0.2657458782196045
0.18589234352111816
0.2730834484100342
0.23482775688171387
0.2328624725341797
0.2515735626220703
0.28542041778564453
0.2611384391784668
0.24628758430480957
0.21021389961242676
0.26665306091308594
0.2335524559020996
0.2629227638244629
0.2725362777709961
0.25890088081359863
0.21526837348937988
0.22978997230529785
0.20261240005493164
0.20800185203552246
0.21274995803833008
0.20566153526306152
0.2101442813873291
0.25576281547546387
0.2427504062652588
0.23619723320007324
0.21332502365112305
0.23543024063110352
0.2017967700958252
0.2585787773132324
0.2793617248535156
0.26099491119384766
0.2099916934967041
0.21157622337341309
0.2488384246826172
0.22508502006530762
0.2090144157409668
0.21684861183166504
0.21487665176391602
0.2097926139831543
0.2180039882659912
0.2090623378753662
0.20081877708435059
0.20449328422546387
0.20548033714294434
0.2518770694732666
0.19642281532287598
0.2072129249572754
0.19927144050598145
0.25647807121276855
0.21668767929077148
0.23837780952453613
0.20882153511047363
0.23471403121948242
0.24158644676208496
0.21741986274719238
0.25406789779663086
0.27474188804626465
0.2651691436767578
0.24452733993530273
0.2216954231262207
0.24113225936889648
0.20629262924194336
0.2693662643432617
0.2176506519317627
0.2537827491760254
0.2101731300354004
0.21615886688232422
0.2021350860595703
0.2118074893951416
0.2266836166381836
0.21274995803833008
0.23408269882202148
0.2098405361175537
0.26556897163391113
0.2725996971130371
0.21441102027893066
0.22316789627075195
0.21012258529663086
0.22089385986328125
0.2060086727142334
0.20055508613586426
0.21770477294921875
0.24232792854309082
0.20719099044799805
0.18137669563293457
0.20177102088928223
0.24007081985473633
0.2098696231842041
0.2012805938720703
0.22385525703430176
0.2583167552947998
0.257814884185791
0.22091913223266602
0.21658921241760254
0.25508952140808105
0.18993020057678223
0.22354412078857422
0.22088098526000977
0.21695590019226074
0.22868084907531738
0.2245793342590332
0.22050929069519043
0.216644287109375
0.21390676498413086
0.22223353385925293
0.22478914260864258
0.23749113082885742
0.21287941932678223
0.2245786190032959
0.2154092788696289
0.2098221778869629
0.21984410285949707
0.1932363510131836
0.22307753562927246
0.1887378692626953
0.20517611503601074
0.20333218574523926
0.221724271774292
0.22331619262695312
0.20836377143859863
0.19665217399597168
0.23765039443969727
0.21031713485717773
0.2429957389831543
0.2194807529449463
0.20101594924926758
0.23128962516784668
0.2409508228302002
0.1989607810974121
0.24256086349487305
0.22083330154418945
0.20136427879333496
0.2230207920074463
0.22621393203735352
