0.2208576202392578
0.23250269889831543
0.20276260375976562
0.18939638137817383
0.1998753547668457
0.19530558586120605
0.19923925399780273
0.19208908081054688
0.17033982276916504
0.18756675720214844
0.20441842079162598
0.19037151336669922
0.2160642147064209
0.20940804481506348
0.21944379806518555
0.21574974060058594
0.20713305473327637
0.20583581924438477
0.18191814422607422
0.19453978538513184
0.1784048080444336
0.20513486862182617
0.24182939529418945
0.1906111240386963
0.19211363792419434
0.21073436737060547
0.1795952320098877
0.1892561912536621
0.18817496299743652
0.18349409103393555
0.21226215362548828
0.19225764274597168
0.23763632774353027
0.21566414833068848
0.2078232765197754
0.19232845306396484
0.1837615966796875
0.18662023544311523
0.210310697555542
0.18948078155517578
0.20418882369995117
0.19109439849853516
0.1976785659790039
0.26220250129699707
0.22797441482543945
0.25275278091430664
0.24799084663391113
0.2402966022491455
0.24296808242797852
0.19246578216552734
0.18600106239318848
0.20263266563415527
0.20254945755004883
0.2362966537475586
0.2210984230041504
0.21174144744873047
0.19946718215942383
0.24264216423034668
0.20998311042785645
0.19980740547180176
0.2533104419708252
0.2234964370727539
0.275970458984375
0.24486231803894043
0.19643783569335938
0.19156742095947266
0.21335840225219727
0.1857893466949463
0.20371031761169434
0.2348945140838623
0.19771790504455566
0.2376384735107422
0.2118217945098877
0.18669533729553223
0.19733715057373047
0.1731269359588623
0.17102646827697754
0.20857810974121094
0.22528433799743652
0.23100018501281738
0.19606971740722656
0.25261759757995605
0.20399022102355957
0.23111343383789062
0.2283618450164795
0.19853496551513672
0.20602655410766602
0.25672292709350586
0.17032504081726074
0.2757430076599121
0.2196662425994873
0.20879006385803223
0.2159273624420166
0.26363444328308105
0.2612576484680176
0.2146894931793213
0.21003293991088867
0.25723910331726074
0.2120215892791748
0.23937463760375977
0.2518432140350342
0.25239133834838867
0.19402527809143066
0.21798229217529297
0.18420171737670898
0.2028665542602539
0.2055974006652832
0.19625067710876465
0.18946123123168945
0.24163556098937988
0.1948847770690918
0.20750117301940918
0.192673921585083
0.2048807144165039
0.18083953857421875
0.22400951385498047
0.2571413516998291
0.26430749893188477
0.19752979278564453
0.20213723182678223
0.2819652557373047
0.2193901538848877
0.1827983856201172
0.19492840766906738
0.18503999710083008
0.19212746620178223
0.18626022338867188
0.18429207801818848
0.18366789817810059
0.19302582740783691
0.19081640243530273
0.23455452919006348
0.18691658973693848
0.19222617149353027
0.1932687759399414
0.22901248931884766
0.1786487102508545
0.22286367416381836
0.17811131477355957
0.19102263450622559
0.20586347579956055
0.19418072700500488
0.23525691032409668
0.25531625747680664
0.2631564140319824
0.23805546760559082
0.22913479804992676
0.20458292961120605
0.1911776065826416
0.25031423568725586
0.20275449752807617
0.21490979194641113
0.18978214263916016
0.21251201629638672
0.1834850311279297
0.17040729522705078
0.19840764999389648
0.19003891944885254
0.18638896942138672
0.19858503341674805
0.23530292510986328
0.23966050148010254
0.19872617721557617
0.20228123664855957
0.18955254554748535
0.20118141174316406
0.18460559844970703
0.17605209350585938
0.23706507682800293
0.22846055030822754
0.1830732822418213
0.1601259708404541
0.17309236526489258
0.22610950469970703
0.19344639778137207
0.18057823181152344
0.1988983154296875
0.21618366241455078
0.2241220474243164
0.18962502479553223
0.18834328651428223
0.24129247665405273
0.16828656196594238
0.20741581916809082
0.18291831016540527
0.18352055549621582
0.19818735122680664
0.18118071556091309
0.20491647720336914
0.19989442825317383
0.1859290599822998
0.20588350296020508
0.20596051216125488
0.23467731475830078
0.19247174263000488
0.19774961471557617
0.19379615783691406
0.19063138961791992
0.1896660327911377
0.1688554286956787
0.20461225509643555
0.1651592254638672
0.1722567081451416
0.186356782913208
0.20641875267028809
0.19176459312438965
0.18069934844970703
0.1771409511566162
0.2025456428527832
0.1887650489807129
0.2164897918701172
0.19017362594604492
0.18491005897521973
0.209730863571167
0.20981884002685547
0.17296648025512695
0.22071552276611328
0.20084047317504883
0.18431758880615234
0.21859169006347656
0.21535062789916992
