0.2138991355895996
0.1958303451538086
0.19562649726867676
0.19576644897460938
0.2107560634613037
0.2042982578277588
0.22138333320617676
0.2091681957244873
0.18599891662597656
0.20022082328796387
0.22712063789367676
0.21863007545471191
0.22969841957092285
0.21986174583435059
0.22427725791931152
0.22988295555114746
0.22716212272644043
0.20567703247070312
0.19280481338500977
0.20537328720092773
0.19613075256347656
0.19802546501159668
0.20711421966552734
0.2073230743408203
0.20311450958251953
0.19703054428100586
0.18824267387390137
0.18782567977905273
0.1889026165008545
0.1951885223388672
0.22909164428710938
0.20200061798095703
0.2626988887786865
0.22002339363098145
0.22091174125671387
0.2081754207611084
0.20524191856384277
0.19450783729553223
0.21899747848510742
0.20665788650512695
0.1923048496246338
0.19839954376220703
0.19278907775878906
0.23606204986572266
0.2277231216430664
0.23726677894592285
0.2557511329650879
0.25422191619873047
0.2419114112854004
0.20676922798156738
0.20732426643371582
0.20844101905822754
0.2055072784423828
0.23810195922851562
0.21558761596679688
0.20370268821716309
0.20430231094360352
0.2593541145324707
0.19549155235290527
0.18512701988220215
0.257051944732666
0.22021222114562988
0.24820613861083984
0.23011040687561035
0.1867523193359375
0.18817138671875
0.2223658561706543
0.1897115707397461
0.1949629783630371
0.24727725982666016
0.18123364448547363
0.2338113784790039
0.20966410636901855
0.20275425910949707
0.19722318649291992
0.16992926597595215
0.1775527000427246
0.19540023803710938
0.22406506538391113
0.22629213333129883
0.21130847930908203
0.24976158142089844
0.1758105754852295
0.22105026245117188
0.22194886207580566
0.19584369659423828
0.22683382034301758
0.2611393928527832
0.17481160163879395
0.26445436477661133
0.21638727188110352
0.22049927711486816
0.21826744079589844
0.26997804641723633
0.26731252670288086
0.21265292167663574
0.20316839218139648
0.24471616744995117
0.21196246147155762
0.2478020191192627
0.2541677951812744
0.26582884788513184
0.20038342475891113
0.20905637741088867
0.20386362075805664
0.19700098037719727
0.19893240928649902
0.18804287910461426
0.18975448608398438
0.2242569923400879
0.20599913597106934
0.20488739013671875
0.20715737342834473
0.21022582054138184
0.18751096725463867
0.22363948822021484
0.2552940845489502
0.24501729011535645
0.20038843154907227
0.1824631690979004
0.24230575561523438
0.21293115615844727
0.201751708984375
0.19855451583862305
0.19161415100097656
0.20094037055969238
0.19773626327514648
0.18890881538391113
0.19967913627624512
0.20683526992797852
0.18564248085021973
0.2504589557647705
0.1840674877166748
0.2005007266998291
0.1897602081298828
0.23733305931091309
0.19752144813537598
0.2334892749786377
0.19155335426330566
0.20982670783996582
0.2059624195098877
0.21190810203552246
0.2294774055480957
0.2647571563720703
0.27199769020080566
0.23447179794311523
0.2069549560546875
0.21027493476867676
0.20205092430114746
0.24881482124328613
0.20358753204345703
0.22475028038024902
0.18866848945617676
0.20085954666137695
0.18102669715881348
0.2058706283569336
0.19387316703796387
0.1915419101715088
0.20668554306030273
0.1990044116973877
0.2629973888397217
0.2557981014251709
0.20328474044799805
0.21284747123718262
0.20320463180541992
0.20749592781066895
0.2124648094177246
0.18531560897827148
0.20442914962768555
0.22703218460083008
0.19763922691345215
0.17056560516357422
0.18497490882873535
0.22299861907958984
0.19124102592468262
0.18630337715148926
0.20879840850830078
0.22632336616516113
0.24059820175170898
0.20504117012023926
0.1965012550354004
0.24472880363464355
0.16990995407104492
0.21310830116271973
0.2077653408050537
0.2109692096710205
0.2117633819580078
0.19904565811157227
0.22020769119262695
0.20568013191223145
0.19106745719909668
0.21978998184204102
0.20685958862304688
0.22916626930236816
0.21491742134094238
0.2092447280883789
0.18829870223999023
0.2028515338897705
0.19605112075805664
0.18057799339294434
0.20390582084655762
0.17920327186584473
0.19010424613952637
0.18360090255737305
0.20021486282348633
0.21349334716796875
0.1914234161376953
0.19095444679260254
0.21552276611328125
0.19177699089050293
0.2232983112335205
0.21029400825500488
0.2044384479522705
0.1992499828338623
0.2096879482269287
0.18895411491394043
0.22943758964538574
0.2000138759613037
0.19403600692749023
0.20794034004211426
0.21178865432739258
