4.573614597320556641e-01
4.441888332366943359e-01
4.328856468200683594e-01
4.367611408233642578e-01
4.361870288848876953e-01
4.336791038513183594e-01
4.297575950622558594e-01
4.404432773590087891e-01
4.280157089233398438e-01
4.343526363372802734e-01
4.620702266693115234e-01
4.406161308288574219e-01
4.519298076629638672e-01
4.375054836273193359e-01
4.376087188720703125e-01
4.374725818634033203e-01
4.498360157012939453e-01
4.451558589935302734e-01
4.227497577667236328e-01
4.397530555725097656e-01
4.345521926879882812e-01
4.323949813842773438e-01
4.255504608154296875e-01
4.239668846130371094e-01
4.350399971008300781e-01
4.384450912475585938e-01
4.313671588897705078e-01
4.324460029602050781e-01
4.296178817749023438e-01
4.362692832946777344e-01
4.416425228118896484e-01
4.353232383728027344e-01
4.396812915802001953e-01
4.589309692382812500e-01
4.438796043395996094e-01
4.264481067657470703e-01
4.413530826568603516e-01
4.499368667602539062e-01
4.454567432403564453e-01
4.331498146057128906e-01
4.377753734588623047e-01
4.294140338897705078e-01
4.407498836517333984e-01
4.419775009155273438e-01
4.440994262695312500e-01
4.563076496124267578e-01
4.319508075714111328e-01
4.497485160827636719e-01
4.571661949157714844e-01
4.458944797515869141e-01
4.398972988128662109e-01
4.369170665740966797e-01
5.431542396545410156e-01
4.491572380065917969e-01
4.498009681701660156e-01
4.349763393402099609e-01
4.233767986297607422e-01
4.652779102325439453e-01
4.240489006042480469e-01
4.428229331970214844e-01
4.611647129058837891e-01
4.506406784057617188e-01
4.513685703277587891e-01
4.480636119842529297e-01
4.302964210510253906e-01
4.200625419616699219e-01
4.405460357666015625e-01
4.491300582885742188e-01
4.395372867584228516e-01
4.484975337982177734e-01
4.323427677154541016e-01
4.236381053924560547e-01
4.428374767303466797e-01
4.409101009368896484e-01
4.298439025878906250e-01
4.205400943756103516e-01
4.213426113128662109e-01
4.270124435424804688e-01
4.186239242553710938e-01
4.314012527465820312e-01
4.214847087860107422e-01
4.532415866851806641e-01
4.285228252410888672e-01
4.282617568969726562e-01
4.421842098236083984e-01
4.339771270751953125e-01
4.403350353240966797e-01
4.668812751770019531e-01
4.330122470855712891e-01
4.567465782165527344e-01
4.382231235504150391e-01
4.398794174194335938e-01
4.525535106658935547e-01
4.484021663665771484e-01
4.535870552062988281e-01
4.513566493988037109e-01
4.348747730255126953e-01
4.447019100189208984e-01
4.483420848846435547e-01
4.520039558410644531e-01
4.654805660247802734e-01
4.603300094604492188e-01
4.306910037994384766e-01
4.427478313446044922e-01
4.369935989379882812e-01
4.310641288757324219e-01
4.387280941009521484e-01
4.285304546356201172e-01
4.336071014404296875e-01
4.418611526489257812e-01
4.388506412506103516e-01
4.311995506286621094e-01
4.264144897460937500e-01
4.516053199768066406e-01
4.277870655059814453e-01
4.386508464813232422e-01
4.540615081787109375e-01
4.563479423522949219e-01
4.122626781463623047e-01
4.254136085510253906e-01
4.475872516632080078e-01
4.491910934448242188e-01
4.309408664703369141e-01
4.462776184082031250e-01
4.429004192352294922e-01
4.287483692169189453e-01
4.336752891540527344e-01
4.360449314117431641e-01
4.292063713073730469e-01
4.393465518951416016e-01
4.375729560852050781e-01
4.588811397552490234e-01
4.247407913208007812e-01
4.410405158996582031e-01
4.236171245574951172e-01
4.720461368560791016e-01
4.407825469970703125e-01
4.530994892120361328e-01
4.398331642150878906e-01
4.318807125091552734e-01
4.415969848632812500e-01
4.366998672485351562e-01
4.520173072814941406e-01
4.644694328308105469e-01
4.544370174407958984e-01
4.329245090484619141e-01
4.416460990905761719e-01
4.629046916961669922e-01
4.459640979766845703e-01
4.602510929107666016e-01
4.328172206878662109e-01
4.435572624206542969e-01
4.532330036163330078e-01
4.381892681121826172e-01
4.251844882965087891e-01
4.325988292694091797e-01
4.352531433105468750e-01
4.365634918212890625e-01
4.292368888854980469e-01
4.330008029937744141e-01
4.580659866333007812e-01
4.594531059265136719e-01
4.333536624908447266e-01
4.398725032806396484e-01
4.456448554992675781e-01
4.279539585113525391e-01
4.384517669677734375e-01
4.393625259399414062e-01
4.426920413970947266e-01
4.649522304534912109e-01
4.311974048614501953e-01
4.247410297393798828e-01
4.261224269866943359e-01
4.438495635986328125e-01
3.619949817657470703e-01
3.958244323730468750e-01
4.457328319549560547e-01
4.445540904998779297e-01
4.425842761993408203e-01
4.351871013641357422e-01
4.316625595092773438e-01
4.445624351501464844e-01
4.266560077667236328e-01
4.384171962738037109e-01
4.452543258666992188e-01
4.390490055084228516e-01
4.389429092407226562e-01
4.399604797363281250e-01
4.220957756042480469e-01
4.350814819335937500e-01
4.379374980926513672e-01
4.396479129791259766e-01
4.520444869995117188e-01
4.479386806488037109e-01
4.332177639007568359e-01
4.377455711364746094e-01
4.378912448883056641e-01
4.320175647735595703e-01
4.403259754180908203e-01
4.346394538879394531e-01
4.384450912475585938e-01
4.335684776306152344e-01
4.314727783203125000e-01
4.652526378631591797e-01
4.320468902587890625e-01
4.391176700592041016e-01
4.409918785095214844e-01
4.357357025146484375e-01
4.424140453338623047e-01
4.387774467468261719e-01
4.631702899932861328e-01
4.515850543975830078e-01
4.360606670379638672e-01
4.488003253936767578e-01
4.459600448608398438e-01
4.331939220428466797e-01
4.386162757873535156e-01
4.442849159240722656e-01
4.396789073944091797e-01
4.322593212127685547e-01
4.471294879913330078e-01
