4.210827350616455078e-01
4.138014316558837891e-01
4.053411483764648438e-01
4.109108448028564453e-01
4.151005744934082031e-01
4.196619987487792969e-01
4.180955886840820312e-01
4.077939987182617188e-01
4.188387393951416016e-01
4.101622104644775391e-01
4.058609008789062500e-01
4.130809307098388672e-01
4.138827323913574219e-01
4.141340255737304688e-01
4.265763759613037109e-01
4.297184944152832031e-01
4.320738315582275391e-01
4.192380905151367188e-01
4.066610336303710938e-01
4.134764671325683594e-01
4.051594734191894531e-01
4.197802543640136719e-01
4.203107357025146484e-01
4.340975284576416016e-01
4.221706390380859375e-01
4.227879047393798828e-01
4.150664806365966797e-01
4.221255779266357422e-01
4.215061664581298828e-01
4.334380626678466797e-01
4.114789962768554688e-01
4.234576225280761719e-01
4.391381740570068359e-01
4.187531471252441406e-01
4.340040683746337891e-01
4.262902736663818359e-01
4.365119934082031250e-01
4.193701744079589844e-01
4.190983772277832031e-01
4.086463451385498047e-01
4.230978488922119141e-01
4.116024971008300781e-01
4.308264255523681641e-01
4.304945468902587891e-01
4.151062965393066406e-01
4.289369583129882812e-01
4.408004283905029297e-01
4.306499958038330078e-01
4.288713932037353516e-01
4.157891273498535156e-01
4.224221706390380859e-01
3.912899494171142578e-01
4.278948307037353516e-01
4.213674068450927734e-01
4.239144325256347656e-01
4.217262268066406250e-01
4.236071109771728516e-01
4.224965572357177734e-01
4.031560420989990234e-01
4.647166728973388672e-01
4.315912723541259766e-01
4.274351596832275391e-01
4.310934543609619141e-01
4.166359901428222656e-01
4.015762805938720703e-01
4.087786674499511719e-01
4.401390552520751953e-01
4.091043472290039062e-01
4.096922874450683594e-01
4.228296279907226562e-01
4.127960205078125000e-01
4.208145141601562500e-01
4.216985702514648438e-01
4.115765094757080078e-01
4.225046634674072266e-01
4.174649715423583984e-01
3.996036052703857422e-01
4.149420261383056641e-01
4.201352596282958984e-01
4.213888645172119141e-01
4.129734039306640625e-01
4.321255683898925781e-01
4.134745597839355469e-01
4.244718551635742188e-01
4.210462570190429688e-01
4.096217155456542969e-01
4.201560020446777344e-01
4.267494678497314453e-01
4.267854690551757812e-01
4.285428524017333984e-01
4.144015312194824219e-01
4.081747531890869141e-01
4.245862960815429688e-01
4.399211406707763672e-01
4.393205642700195312e-01
4.220800399780273438e-01
4.062423706054687500e-01
4.284489154815673828e-01
4.024758338928222656e-01
4.376769065856933594e-01
4.364950656890869141e-01
4.372618198394775391e-01
4.193899631500244141e-01
4.228775501251220703e-01
3.920133113861083984e-01
4.201548099517822266e-01
4.167485237121582031e-01
3.999171257019042969e-01
4.054434299468994141e-01
4.248149394989013672e-01
4.179325103759765625e-01
4.208624362945556641e-01
4.228484630584716797e-01
4.179620742797851562e-01
4.092097282409667969e-01
4.266793727874755859e-01
4.243688583374023438e-01
4.189503192901611328e-01
4.224789142608642578e-01
4.118075370788574219e-01
4.342365264892578125e-01
4.120087623596191406e-01
4.029767513275146484e-01
4.107468128204345703e-01
4.131314754486083984e-01
4.186086654663085938e-01
4.118955135345458984e-01
4.247283935546875000e-01
4.056770801544189453e-01
4.235162734985351562e-01
4.126324653625488281e-01
4.370467662811279297e-01
4.201200008392333984e-01
4.169380664825439453e-01
3.979394435882568359e-01
4.216609001159667969e-01
4.215946197509765625e-01
4.362127780914306641e-01
4.059965610504150391e-01
4.230127334594726562e-01
4.181792736053466797e-01
4.239068031311035156e-01
4.421753883361816406e-01
4.357879161834716797e-01
4.274458885192871094e-01
4.341642856597900391e-01
4.149489402770996094e-01
4.221122264862060547e-01
4.098870754241943359e-01
4.285464286804199219e-01
4.216768741607666016e-01
4.175229072570800781e-01
4.099209308624267578e-01
4.101607799530029297e-01
4.052357673645019531e-01
4.253277778625488281e-01
4.113621711730957031e-01
4.215524196624755859e-01
4.173471927642822266e-01
4.382820129394531250e-01
4.253826141357421875e-01
4.325771331787109375e-01
4.236636161804199219e-01
4.180622100830078125e-01
4.118785858154296875e-01
4.239535331726074219e-01
4.122188091278076172e-01
4.087383747100830078e-01
4.141962528228759766e-01
4.204022884368896484e-01
4.184496402740478516e-01
4.028000831604003906e-01
4.160223007202148438e-01
4.333436489105224609e-01
4.206316471099853516e-01
4.180326461791992188e-01
4.069316387176513672e-01
4.403188228607177734e-01
4.333894252777099609e-01
4.160740375518798828e-01
4.167125225067138672e-01
4.295988082885742188e-01
4.148857593536376953e-01
4.205210208892822266e-01
4.132251739501953125e-01
4.091439247131347656e-01
4.255621433258056641e-01
4.091165065765380859e-01
4.160633087158203125e-01
4.224045276641845703e-01
4.197165966033935547e-01
4.146759510040283203e-01
4.201788902282714844e-01
4.280064105987548828e-01
4.173855781555175781e-01
4.351844787597656250e-01
4.087948799133300781e-01
4.167416095733642578e-01
4.151124954223632812e-01
4.121813774108886719e-01
4.148893356323242188e-01
4.169089794158935547e-01
4.220347404479980469e-01
4.091944694519042969e-01
4.089989662170410156e-01
4.234490394592285156e-01
4.270019531250000000e-01
4.103796482086181641e-01
4.266912937164306641e-01
4.158132076263427734e-01
4.203140735626220703e-01
4.247651100158691406e-01
4.198527336120605469e-01
4.109005928039550781e-01
4.329924583435058594e-01
4.121956825256347656e-01
4.179735183715820312e-01
4.183282852172851562e-01
4.048619270324707031e-01
4.208278656005859375e-01
4.182038307189941406e-01
