0.2911190986633301
0.1965944766998291
0.20907855033874512
0.19502592086791992
0.222137451171875
0.21303296089172363
0.20978593826293945
0.2211465835571289
0.20146751403808594
0.21390891075134277
0.21318626403808594
0.20676445960998535
0.22646570205688477
0.23765897750854492
0.23369336128234863
0.22490692138671875
0.22586631774902344
0.2207503318786621
0.20883631706237793
0.21376252174377441
0.19670581817626953
0.22463417053222656
0.2120368480682373
0.20997071266174316
0.21996068954467773
0.20829176902770996
0.20810651779174805
0.2042686939239502
0.19714117050170898
0.20733356475830078
0.22390365600585938
0.2253577709197998
0.26419568061828613
0.2284557819366455
0.21579480171203613
0.21165180206298828
0.20889711380004883
0.20065021514892578
0.2311115264892578
0.24341750144958496
0.19983601570129395
0.20702195167541504
0.21290183067321777
0.2601587772369385
0.23514318466186523
0.24641990661621094
0.25853896141052246
0.2537567615509033
0.2574925422668457
0.20439386367797852
0.2216324806213379
0.21258950233459473
0.21452879905700684
0.2624952793121338
0.23454523086547852
0.22237038612365723
0.22330188751220703
0.29341793060302734
0.21733427047729492
0.20637798309326172
0.24968624114990234
0.23551249504089355
0.2705416679382324
0.24702715873718262
0.19383835792541504
0.20316171646118164
0.23271775245666504
0.19620013236999512
0.21825861930847168
0.24540925025939941
0.21001553535461426
0.22807550430297852
0.2097930908203125
0.20572590827941895
0.20008635520935059
0.1836094856262207
0.18056011199951172
0.21167731285095215
0.22280645370483398
0.2331089973449707
0.2098541259765625
0.2612600326538086
0.19821453094482422
0.2233741283416748
0.22356939315795898
0.20259928703308105
0.22341585159301758
0.24805426597595215
0.20024442672729492
0.2566967010498047
0.2270219326019287
0.22055792808532715
0.23009967803955078
0.26991844177246094
0.27161431312561035
0.25213146209716797
0.19278883934020996
0.2686781883239746
0.23143339157104492
0.2651970386505127
0.25017642974853516
0.2514767646789551
0.21735453605651855
0.21574687957763672
0.198012113571167
0.2080528736114502
0.20805907249450684
0.2031865119934082
0.20825433731079102
0.23888850212097168
0.2087101936340332
0.2370748519897461
0.21639370918273926
0.2173480987548828
0.25082969665527344
0.23899269104003906
0.26154565811157227
0.2712674140930176
0.19813299179077148
0.20183706283569336
0.24782800674438477
0.21639013290405273
0.1988353729248047
0.21239686012268066
0.20343446731567383
0.2123870849609375
0.20542263984680176
0.21055102348327637
0.23817658424377441
0.1952500343322754
0.19097399711608887
0.27399754524230957
0.19446682929992676
0.21314716339111328
0.1925339698791504
0.24334001541137695
0.19997119903564453
0.24214744567871094
0.20293521881103516
0.2058255672454834
0.21839618682861328
0.20993971824645996
0.25672149658203125
0.2605865001678467
0.2663145065307617
0.23738884925842285
0.22625994682312012
0.22665786743164062
0.1978468894958496
0.2614622116088867
0.22093677520751953
0.24571847915649414
0.19714689254760742
0.21625614166259766
0.19290542602539062
0.19498348236083984
0.20995426177978516
0.2076103687286377
0.2184436321258545
0.1983017921447754
0.26019859313964844
0.27559638023376465
0.1991579532623291
0.22278189659118652
0.19915223121643066
0.21443676948547363
0.2010786533355713
0.19538450241088867
0.23079991340637207
0.2559816837310791
0.2054121494293213
0.19205975532531738
0.19852495193481445
0.24619579315185547
0.20613527297973633
0.20204472541809082
0.20850443840026855
0.2340536117553711
0.23724722862243652
0.234269380569458
0.20551848411560059
0.2426154613494873
0.1764216423034668
0.22098517417907715
0.21208715438842773
0.21391081809997559
0.20882248878479004
0.2027425765991211
0.23053359985351562
0.21721363067626953
0.19910764694213867
0.22826099395751953
0.22330808639526367
0.24044537544250488
0.20781302452087402
0.21669697761535645
0.19612669944763184
0.20488429069519043
0.20563578605651855
0.19130778312683105
0.21892261505126953
0.20008301734924316
0.18884563446044922
0.20224666595458984
0.2069995403289795
0.2195744514465332
0.19753217697143555
0.19945216178894043
0.2202603816986084
0.2148113250732422
0.2330312728881836
0.21977972984313965
0.20383405685424805
0.22085928916931152
0.22968792915344238
0.1897432804107666
0.24531793594360352
0.21097993850708008
0.195418119430542
0.2136707305908203
0.22069787979125977
