4.519364833831787109e-01
4.078981876373291016e-01
4.551260471343994141e-01
4.066398143768310547e-01
4.058525562286376953e-01
4.122910499572753906e-01
4.043681621551513672e-01
4.127271175384521484e-01
4.102880954742431641e-01
3.962690830230712891e-01
4.003996849060058594e-01
3.996236324310302734e-01
4.101183414459228516e-01
4.096033573150634766e-01
4.366436004638671875e-01
4.086649417877197266e-01
4.291641712188720703e-01
4.194762706756591797e-01
4.026520252227783203e-01
4.084393978118896484e-01
4.086272716522216797e-01
4.177050590515136719e-01
4.210202693939208984e-01
3.992776870727539062e-01
3.906474113464355469e-01
3.946976661682128906e-01
4.113409519195556641e-01
4.796454906463623047e-01
4.071483612060546875e-01
4.041473865509033203e-01
4.086003303527832031e-01
4.044115543365478516e-01
4.187932014465332031e-01
4.385964870452880859e-01
4.121894836425781250e-01
4.001948833465576172e-01
3.988041877746582031e-01
4.216547012329101562e-01
5.000894069671630859e-01
4.145839214324951172e-01
4.043190479278564453e-01
4.129464626312255859e-01
4.361884593963623047e-01
4.210178852081298828e-01
4.163000583648681641e-01
3.772494792938232422e-01
4.166586399078369141e-01
3.989417552947998047e-01
4.162266254425048828e-01
3.946993350982666016e-01
4.140706062316894531e-01
4.527876377105712891e-01
4.060449600219726562e-01
4.105319976806640625e-01
5.046944618225097656e-01
4.009213447570800781e-01
3.897345066070556641e-01
4.151284694671630859e-01
4.098844528198242188e-01
3.952178955078125000e-01
4.129343032836914062e-01
4.320039749145507812e-01
4.981079101562500000e-01
4.155237674713134766e-01
3.903419971466064453e-01
3.926899433135986328e-01
4.122238159179687500e-01
4.009723663330078125e-01
4.110407829284667969e-01
4.001543521881103516e-01
4.052090644836425781e-01
3.994739055633544922e-01
3.910222053527832031e-01
3.939197063446044922e-01
4.003100395202636719e-01
4.046051502227783203e-01
3.933279514312744141e-01
4.006943702697753906e-01
4.072630405426025391e-01
4.089360237121582031e-01
4.057235717773437500e-01
4.150724411010742188e-01
3.818960189819335938e-01
4.022624492645263672e-01
3.964793682098388672e-01
4.005639553070068359e-01
3.864753246307373047e-01
4.205923080444335938e-01
3.907630443572998047e-01
4.058310985565185547e-01
4.085326194763183594e-01
4.052679538726806641e-01
4.064602851867675781e-01
4.234991073608398438e-01
4.162907600402832031e-01
4.028213024139404297e-01
3.931035995483398438e-01
4.101989269256591797e-01
4.074862003326416016e-01
4.240753650665283203e-01
4.008402824401855469e-01
4.257688522338867188e-01
4.008738994598388672e-01
4.042670726776123047e-01
3.913235664367675781e-01
3.953871726989746094e-01
3.960268497467041016e-01
3.890256881713867188e-01
3.987686634063720703e-01
4.064543247222900391e-01
3.893966674804687500e-01
4.013390541076660156e-01
3.804404735565185547e-01
3.949654102325439453e-01
3.905208110809326172e-01
4.062852859497070312e-01
4.067916870117187500e-01
4.199469089508056641e-01
3.896827697753906250e-01
3.986244201660156250e-01
4.051775932312011719e-01
3.990917205810546875e-01
4.009165763854980469e-01
3.848485946655273438e-01
3.953199386596679688e-01
4.166340827941894531e-01
3.925514221191406250e-01
4.035897254943847656e-01
3.902142047882080078e-01
3.924016952514648438e-01
3.773565292358398438e-01
4.189226627349853516e-01
3.944673538208007812e-01
4.088428020477294922e-01
3.876390457153320312e-01
4.111607074737548828e-01
4.060385227203369141e-01
4.422323703765869141e-01
3.873927593231201172e-01
4.067122936248779297e-01
4.170269966125488281e-01
4.067835807800292969e-01
4.186213016510009766e-01
4.308867454528808594e-01
4.231867790222167969e-01
4.249446392059326172e-01
4.192583560943603516e-01
4.075074195861816406e-01
3.813254833221435547e-01
4.393339157104492188e-01
3.907146453857421875e-01
4.149324893951416016e-01
4.060053825378417969e-01
3.959648609161376953e-01
4.033136367797851562e-01
3.881726264953613281e-01
4.044446945190429688e-01
4.021761417388916016e-01
4.043619632720947266e-01
4.019596576690673828e-01
4.109518527984619141e-01
4.230151176452636719e-01
4.091224670410156250e-01
4.053416252136230469e-01
4.070603847503662109e-01
3.971061706542968750e-01
4.096708297729492188e-01
4.007794857025146484e-01
4.088640213012695312e-01
4.160149097442626953e-01
3.990709781646728516e-01
3.936502933502197266e-01
3.978745937347412109e-01
4.185020923614501953e-01
4.090578556060791016e-01
3.943428993225097656e-01
4.124093055725097656e-01
4.152245521545410156e-01
4.288141727447509766e-01
3.967678546905517578e-01
4.074735641479492188e-01
4.288928508758544922e-01
3.941850662231445312e-01
4.087386131286621094e-01
4.018118381500244141e-01
4.184346199035644531e-01
4.079980850219726562e-01
4.094679355621337891e-01
4.087767601013183594e-01
4.063854217529296875e-01
4.844465255737304688e-01
4.020826816558837891e-01
4.057753086090087891e-01
4.198925495147705078e-01
4.127469062805175781e-01
4.119582176208496094e-01
4.058554172515869141e-01
3.971421718597412109e-01
4.022088050842285156e-01
3.919305801391601562e-01
4.072477817535400391e-01
3.997530937194824219e-01
3.993995189666748047e-01
4.068117141723632812e-01
4.093701839447021484e-01
3.973085880279541016e-01
3.849604129791259766e-01
3.909034729003906250e-01
4.070603847503662109e-01
3.988003730773925781e-01
4.359936714172363281e-01
4.103021621704101562e-01
4.049179553985595703e-01
4.075148105621337891e-01
4.494974613189697266e-01
3.984487056732177734e-01
4.182717800140380859e-01
3.977439403533935547e-01
3.983922004699707031e-01
4.034504890441894531e-01
4.117250442504882812e-01
