4.126265048980712891e-01
4.175069332122802734e-01
4.197285175323486328e-01
4.053184986114501953e-01
4.366376399993896484e-01
4.170231819152832031e-01
4.239237308502197266e-01
4.251494407653808594e-01
4.267604351043701172e-01
4.151067733764648438e-01
4.480485916137695312e-01
4.167768955230712891e-01
4.180111885070800781e-01
4.264533519744873047e-01
4.333486557006835938e-01
4.369459152221679688e-01
4.129676818847656250e-01
4.279558658599853516e-01
4.151999950408935547e-01
4.164299964904785156e-01
4.068126678466796875e-01
4.261443614959716797e-01
4.262821674346923828e-01
4.150390625000000000e-01
4.971566200256347656e-01
4.196150302886962891e-01
4.151053428649902344e-01
4.109261035919189453e-01
4.250147342681884766e-01
4.261426925659179688e-01
4.191033840179443359e-01
4.180603027343750000e-01
4.412927627563476562e-01
4.246616363525390625e-01
4.361872673034667969e-01
4.192137718200683594e-01
4.235174655914306641e-01
4.191505908966064453e-01
4.156160354614257812e-01
4.173181056976318359e-01
4.182472229003906250e-01
4.336705207824707031e-01
4.126241207122802734e-01
4.314062595367431641e-01
4.331479072570800781e-01
4.470300674438476562e-01
4.398860931396484375e-01
4.419991970062255859e-01
4.265105724334716797e-01
4.193291664123535156e-01
4.137847423553466797e-01
4.250535964965820312e-01
4.131665229797363281e-01
4.308974742889404297e-01
4.300978183746337891e-01
4.192616939544677734e-01
4.306774139404296875e-01
4.487795829772949219e-01
4.167540073394775391e-01
4.190261363983154297e-01
4.467971324920654297e-01
4.240884780883789062e-01
4.402449131011962891e-01
4.157712459564208984e-01
4.097349643707275391e-01
4.166934490203857422e-01
4.312596321105957031e-01
4.120967388153076172e-01
4.235863685607910156e-01
4.338016510009765625e-01
4.179527759552001953e-01
4.295203685760498047e-01
4.401621818542480469e-01
4.173517227172851562e-01
4.168722629547119141e-01
4.096965789794921875e-01
4.199185371398925781e-01
4.089484214782714844e-01
4.276411533355712891e-01
4.384093284606933594e-01
4.336240291595458984e-01
4.354975223541259766e-01
4.174666404724121094e-01
4.281613826751708984e-01
4.405860900878906250e-01
4.348597526550292969e-01
4.339342117309570312e-01
4.334428310394287109e-01
4.171867370605468750e-01
4.271292686462402344e-01
4.271254539489746094e-01
4.267923831939697266e-01
4.361727237701416016e-01
4.327027797698974609e-01
4.382114410400390625e-01
4.268374443054199219e-01
4.106934070587158203e-01
3.782246112823486328e-01
4.256694316864013672e-01
4.327795505523681641e-01
4.416911602020263672e-01
4.250073432922363281e-01
4.362459182739257812e-01
4.208989143371582031e-01
4.199299812316894531e-01
4.146108627319335938e-01
4.185667037963867188e-01
4.129621982574462891e-01
4.184262752532958984e-01
4.232952594757080078e-01
4.120764732360839844e-01
4.270112514495849609e-01
4.315323829650878906e-01
4.277122020721435547e-01
4.136018753051757812e-01
4.272503852844238281e-01
4.438803195953369141e-01
4.275326728820800781e-01
4.157989025115966797e-01
4.279537200927734375e-01
4.325077533721923828e-01
4.246604442596435547e-01
4.031918048858642578e-01
4.205458164215087891e-01
4.131686687469482422e-01
4.229435920715332031e-01
4.252533912658691406e-01
4.098403453826904297e-01
4.150965213775634766e-01
4.157004356384277344e-01
4.232699871063232422e-01
4.243745803833007812e-01
4.202857017517089844e-01
4.079968929290771484e-01
4.195899963378906250e-01
4.353752136230468750e-01
4.147372245788574219e-01
4.342241287231445312e-01
4.226648807525634766e-01
4.228026866912841797e-01
4.347574710845947266e-01
4.326057434082031250e-01
4.323067665100097656e-01
4.406485557556152344e-01
4.480302333831787109e-01
4.278931617736816406e-01
4.298057556152343750e-01
4.159936904907226562e-01
4.170007705688476562e-01
4.368560314178466797e-01
4.123899936676025391e-01
4.539258480072021484e-01
4.215197563171386719e-01
4.184641838073730469e-01
4.186992645263671875e-01
4.232301712036132812e-01
4.117233753204345703e-01
4.303891658782958984e-01
4.264650344848632812e-01
4.176669120788574219e-01
4.355821609497070312e-01
4.330186843872070312e-01
4.090652465820312500e-01
4.174795150756835938e-01
4.381129741668701172e-01
4.329543113708496094e-01
4.211959838867187500e-01
4.056932926177978516e-01
4.322967529296875000e-01
4.373021125793457031e-01
4.125666618347167969e-01
4.173181056976318359e-01
4.133350849151611328e-01
4.220039844512939453e-01
4.189844131469726562e-01
4.340481758117675781e-01
4.196496009826660156e-01
4.382565021514892578e-01
4.405326843261718750e-01
4.250664710998535156e-01
4.283051490783691406e-01
4.378268718719482422e-01
4.223647117614746094e-01
4.253005981445312500e-01
4.289391040802001953e-01
4.044830799102783203e-01
4.314768314361572266e-01
4.175026416778564453e-01
4.261648654937744141e-01
4.071271419525146484e-01
4.144606590270996094e-01
4.371011257171630859e-01
4.132862091064453125e-01
4.227435588836669922e-01
4.327418804168701172e-01
4.303653240203857422e-01
4.192149639129638672e-01
4.104294776916503906e-01
4.137129783630371094e-01
4.137904644012451172e-01
4.241321086883544922e-01
4.129629135131835938e-01
4.070940017700195312e-01
4.219617843627929688e-01
4.249033927917480469e-01
4.279322624206542969e-01
4.293136596679687500e-01
4.119591712951660156e-01
4.323186874389648438e-01
4.131689071655273438e-01
4.212179183959960938e-01
4.248061180114746094e-01
4.235188961029052734e-01
4.426717758178710938e-01
4.321875572204589844e-01
4.240982532501220703e-01
4.460723400115966797e-01
4.275577068328857422e-01
4.208953380584716797e-01
4.300277233123779297e-01
4.373497962951660156e-01
