4.463746547698974609e-01
4.483573436737060547e-01
4.466056823730468750e-01
4.515111446380615234e-01
4.582703113555908203e-01
4.478747844696044922e-01
4.600877761840820312e-01
4.608345031738281250e-01
4.532961845397949219e-01
4.463407993316650391e-01
4.402525424957275391e-01
4.333033561706542969e-01
4.561119079589843750e-01
4.517467021942138672e-01
4.531369209289550781e-01
4.439220428466796875e-01
4.626948833465576172e-01
4.542796611785888672e-01
4.544579982757568359e-01
4.478542804718017578e-01
4.421367645263671875e-01
4.676334857940673828e-01
4.513473510742187500e-01
4.436557292938232422e-01
4.423856735229492188e-01
4.393701553344726562e-01
4.410712718963623047e-01
4.604547023773193359e-01
4.527342319488525391e-01
4.507622718811035156e-01
4.628496170043945312e-01
4.404304027557373047e-01
4.684071540832519531e-01
4.529793262481689453e-01
4.440474510192871094e-01
4.381122589111328125e-01
4.330518245697021484e-01
4.410429000854492188e-01
4.560291767120361328e-01
4.487929344177246094e-01
4.482958316802978516e-01
4.395375251770019531e-01
4.471466541290283203e-01
4.721560478210449219e-01
4.568862915039062500e-01
4.722607135772705078e-01
4.528241157531738281e-01
4.663619995117187500e-01
4.616975784301757812e-01
4.592745304107666016e-01
4.531621932983398438e-01
4.553122520446777344e-01
4.447729587554931641e-01
4.532878398895263672e-01
4.599778652191162109e-01
4.389276504516601562e-01
4.558124542236328125e-01
4.406704902648925781e-01
4.763028621673583984e-01
4.466888904571533203e-01
4.648287296295166016e-01
4.505109786987304688e-01
4.640157222747802734e-01
4.574468135833740234e-01
4.368922710418701172e-01
4.487679004669189453e-01
4.500653743743896484e-01
4.387564659118652344e-01
4.631075859069824219e-01
4.721887111663818359e-01
4.465525150299072266e-01
4.606306552886962891e-01
4.678528308868408203e-01
4.569070339202880859e-01
4.568979740142822266e-01
4.456219673156738281e-01
4.386091232299804688e-01
4.511659145355224609e-01
4.597809314727783203e-01
4.587037563323974609e-01
4.423379898071289062e-01
4.728040695190429688e-01
4.427509307861328125e-01
4.799304008483886719e-01
4.549174308776855469e-01
4.440433979034423828e-01
4.601893424987792969e-01
4.746694564819335938e-01
4.439609050750732422e-01
4.689998626708984375e-01
4.488894939422607422e-01
4.487297534942626953e-01
4.719166755676269531e-01
4.803812503814697266e-01
4.756329059600830078e-01
4.698920249938964844e-01
4.459764957427978516e-01
4.588229656219482422e-01
4.511070251464843750e-01
4.672038555145263672e-01
4.746325016021728516e-01
4.656372070312500000e-01
4.677314758300781250e-01
4.470362663269042969e-01
4.426298141479492188e-01
4.541590213775634766e-01
4.496688842773437500e-01
4.534535408020019531e-01
4.412150382995605469e-01
4.745543003082275391e-01
4.385292530059814453e-01
4.702107906341552734e-01
4.511849880218505859e-01
4.364531040191650391e-01
4.440283775329589844e-01
4.695379734039306641e-01
4.856724739074707031e-01
4.728298187255859375e-01
4.716429710388183594e-01
4.502854347229003906e-01
4.738795757293701172e-01
4.547090530395507812e-01
4.482707977294921875e-01
4.454064369201660156e-01
4.448904991149902344e-01
4.540870189666748047e-01
4.236819744110107422e-01
4.540865421295166016e-01
4.443778991699218750e-01
4.489088058471679688e-01
4.459681510925292969e-01
4.688968658447265625e-01
4.497106075286865234e-01
4.612426757812500000e-01
4.400987625122070312e-01
4.740512371063232422e-01
4.489071369171142578e-01
4.665048122406005859e-01
4.649021625518798828e-01
4.477682113647460938e-01
4.640772342681884766e-01
4.510972499847412109e-01
4.525403976440429688e-01
4.743118286132812500e-01
4.646453857421875000e-01
4.622602462768554688e-01
4.808487892150878906e-01
4.550755023956298828e-01
4.580364227294921875e-01
4.621555805206298828e-01
4.649391174316406250e-01
4.633622169494628906e-01
4.606833457946777344e-01
4.519720077514648438e-01
4.449324607849121094e-01
4.419283866882324219e-01
4.387767314910888672e-01
4.586091041564941406e-01
4.645705223083496094e-01
4.419560432434082031e-01
4.736320972442626953e-01
4.628784656524658203e-01
4.613020420074462891e-01
4.514627456665039062e-01
4.575457572937011719e-01
4.439959526062011719e-01
4.523220062255859375e-01
4.471094608306884766e-01
4.567735195159912109e-01
4.606657028198242188e-01
4.500818252563476562e-01
4.459991455078125000e-01
4.474496841430664062e-01
5.004224777221679688e-01
4.463634490966796875e-01
4.404404163360595703e-01
4.417638778686523438e-01
4.587075710296630859e-01
4.666712284088134766e-01
4.491829872131347656e-01
4.487972259521484375e-01
4.671423435211181641e-01
4.534220695495605469e-01
4.450707435607910156e-01
4.511303901672363281e-01
4.518258571624755859e-01
4.640924930572509766e-01
4.549019336700439453e-01
4.593834877014160156e-01
4.544513225555419922e-01
4.657382965087890625e-01
4.577224254608154297e-01
4.474160671234130859e-01
4.629163742065429688e-01
4.449009895324707031e-01
4.512739181518554688e-01
4.531185626983642578e-01
4.505832195281982422e-01
4.530024528503417969e-01
4.457924365997314453e-01
4.382736682891845703e-01
4.576621055603027344e-01
4.660251140594482422e-01
4.519798755645751953e-01
4.804303646087646484e-01
4.414973258972167969e-01
4.550952911376953125e-01
4.408979415893554688e-01
4.462735652923583984e-01
4.531645774841308594e-01
4.612166881561279297e-01
4.431717395782470703e-01
4.528956413269042969e-01
4.570813179016113281e-01
4.613358974456787109e-01
4.468004703521728516e-01
4.634506702423095703e-01
4.588408470153808594e-01
4.452171325683593750e-01
4.582231044769287109e-01
4.466736316680908203e-01
