4.051587581634521484e-01
4.070994853973388672e-01
3.872101306915283203e-01
3.914430141448974609e-01
4.023125171661376953e-01
3.941061496734619141e-01
3.957037925720214844e-01
3.801329135894775391e-01
3.962707519531250000e-01
3.926579952239990234e-01
3.624923229217529297e-01
4.045205116271972656e-01
4.192316532135009766e-01
3.856599330902099609e-01
4.072570800781250000e-01
3.957154750823974609e-01
4.624123573303222656e-01
3.875918388366699219e-01
3.699920177459716797e-01
3.921091556549072266e-01
3.855683803558349609e-01
4.029257297515869141e-01
3.955647945404052734e-01
3.965206146240234375e-01
3.976979255676269531e-01
3.753566741943359375e-01
4.038708209991455078e-01
3.947348594665527344e-01
3.919501304626464844e-01
4.043536186218261719e-01
4.084210395812988281e-01
4.096198081970214844e-01
4.123272895812988281e-01
4.082822799682617188e-01
4.055569171905517578e-01
3.951539993286132812e-01
4.035496711730957031e-01
3.946688175201416016e-01
4.104309082031250000e-01
4.069564342498779297e-01
4.075093269348144531e-01
3.986387252807617188e-01
4.057364463806152344e-01
4.324498176574707031e-01
4.120750427246093750e-01
4.077885150909423828e-01
4.259059429168701172e-01
4.132001399993896484e-01
4.201109409332275391e-01
4.103426933288574219e-01
4.058330059051513672e-01
4.150972366333007812e-01
3.991041183471679688e-01
4.101371765136718750e-01
4.109563827514648438e-01
4.026012420654296875e-01
4.057164192199707031e-01
4.129676818847656250e-01
4.014320373535156250e-01
4.107494354248046875e-01
4.126596450805664062e-01
4.171886444091796875e-01
4.180679321289062500e-01
4.123706817626953125e-01
4.019284248352050781e-01
4.002175331115722656e-01
4.179153442382812500e-01
3.923859596252441406e-01
4.040744304656982422e-01
3.915429115295410156e-01
4.134194850921630859e-01
4.183964729309082031e-01
4.009819030761718750e-01
3.968920707702636719e-01
3.989131450653076172e-01
3.971014022827148438e-01
3.913023471832275391e-01
4.021391868591308594e-01
4.046280384063720703e-01
4.110724925994873047e-01
4.046084880828857422e-01
4.055421352386474609e-01
3.893201351165771484e-01
4.043049812316894531e-01
4.080131053924560547e-01
3.990128040313720703e-01
4.289407730102539062e-01
4.286205768585205078e-01
3.972861766815185547e-01
4.306631088256835938e-01
4.146027565002441406e-01
4.113001823425292969e-01
4.059154987335205078e-01
4.260139465332031250e-01
4.456057548522949219e-01
4.090943336486816406e-01
4.083883762359619141e-01
4.351885318756103516e-01
4.222991466522216797e-01
4.212048053741455078e-01
4.172668457031250000e-01
4.320194721221923828e-01
4.033904075622558594e-01
4.041497707366943359e-01
4.136426448822021484e-01
4.018878936767578125e-01
4.059386253356933594e-01
4.191379547119140625e-01
4.121882915496826172e-01
4.186890125274658203e-01
4.057583808898925781e-01
4.098532199859619141e-01
4.143776893615722656e-01
4.087800979614257812e-01
3.808641433715820312e-01
4.156188964843750000e-01
4.188234806060791016e-01
4.144725799560546875e-01
3.937633037567138672e-01
4.003734588623046875e-01
4.194412231445312500e-01
4.078893661499023438e-01
3.885102272033691406e-01
3.446547985076904297e-01
3.890910148620605469e-01
3.988533020019531250e-01
4.098401069641113281e-01
4.066066741943359375e-01
4.016277790069580078e-01
4.068896770477294922e-01
3.938951492309570312e-01
4.150826930999755859e-01
3.979110717773437500e-01
3.993418216705322266e-01
3.979418277740478516e-01
4.185833930969238281e-01
4.010531902313232422e-01
4.362571239471435547e-01
4.099655151367187500e-01
4.120869636535644531e-01
3.997082710266113281e-01
4.091250896453857422e-01
4.220335483551025391e-01
4.162263870239257812e-01
4.175035953521728516e-01
4.033839702606201172e-01
4.079222679138183594e-01
4.018325805664062500e-01
4.014444351196289062e-01
4.262223243713378906e-01
4.034116268157958984e-01
4.094619750976562500e-01
3.950068950653076172e-01
4.049184322357177734e-01
3.962171077728271484e-01
3.980000019073486328e-01
3.999662399291992188e-01
4.053292274475097656e-01
4.011237621307373047e-01
3.927743434906005859e-01
4.186913967132568359e-01
4.211864471435546875e-01
4.037499427795410156e-01
4.111826419830322266e-01
3.996784687042236328e-01
4.115591049194335938e-01
4.064326286315917969e-01
3.885629177093505859e-01
4.439029693603515625e-01
4.362566471099853516e-01
3.950774669647216797e-01
3.967304229736328125e-01
4.103994369506835938e-01
4.144563674926757812e-01
4.024562835693359375e-01
3.900077342987060547e-01
4.138250350952148438e-01
4.161036014556884766e-01
4.213392734527587891e-01
4.103374481201171875e-01
4.027686119079589844e-01
4.273064136505126953e-01
4.016911983489990234e-01
4.008207321166992188e-01
4.017691612243652344e-01
3.953022956848144531e-01
3.931930065155029297e-01
4.010488986968994141e-01
4.027435779571533203e-01
4.006516933441162109e-01
4.165923595428466797e-01
4.006688594818115234e-01
4.150412082672119141e-01
4.353020191192626953e-01
4.005951881408691406e-01
4.130830764770507812e-01
4.149756431579589844e-01
3.996307849884033203e-01
4.082221984863281250e-01
4.012196063995361328e-01
4.028930664062500000e-01
3.908038139343261719e-01
4.061701297760009766e-01
4.055721759796142578e-01
4.095051288604736328e-01
3.969075679779052734e-01
4.088320732116699219e-01
3.901455402374267578e-01
4.184234142303466797e-01
3.906629085540771484e-01
4.037411212921142578e-01
4.037437438964843750e-01
3.946084976196289062e-01
4.097037315368652344e-01
4.062852859497070312e-01
4.008393287658691406e-01
4.118885993957519531e-01
3.985762596130371094e-01
4.051828384399414062e-01
4.104440212249755859e-01
4.133279323577880859e-01
