4.342544078826904297e-01
4.308845996856689453e-01
4.269423484802246094e-01
4.166417121887207031e-01
4.363763332366943359e-01
4.428727626800537109e-01
4.275531768798828125e-01
4.235115051269531250e-01
4.320421218872070312e-01
4.259443283081054688e-01
4.302930831909179688e-01
4.519259929656982422e-01
4.379899501800537109e-01
4.290654659271240234e-01
4.365227222442626953e-01
4.327456951141357422e-01
4.405469894409179688e-01
4.301326274871826172e-01
4.309060573577880859e-01
4.276447296142578125e-01
4.156844615936279297e-01
4.260721206665039062e-01
4.292047023773193359e-01
4.418051242828369141e-01
4.278738498687744141e-01
4.342765808105468750e-01
4.335303306579589844e-01
4.306671619415283203e-01
4.195787906646728516e-01
4.447736740112304688e-01
4.290997982025146484e-01
4.290385246276855469e-01
4.398484230041503906e-01
4.282195568084716797e-01
4.317264556884765625e-01
4.270114898681640625e-01
4.249954223632812500e-01
4.335989952087402344e-01
4.271996021270751953e-01
4.261889457702636719e-01
4.315254688262939453e-01
4.326424598693847656e-01
4.185028076171875000e-01
4.446847438812255859e-01
4.427773952484130859e-01
4.614603519439697266e-01
4.370443820953369141e-01
4.339604377746582031e-01
4.399845600128173828e-01
4.280421733856201172e-01
4.435713291168212891e-01
4.310526847839355469e-01
4.401221275329589844e-01
4.476826190948486328e-01
4.282658100128173828e-01
4.352788925170898438e-01
4.217011928558349609e-01
4.529542922973632812e-01
4.429109096527099609e-01
4.323260784149169922e-01
4.423291683197021484e-01
4.442446231842041016e-01
4.622130393981933594e-01
4.444456100463867188e-01
4.324831962585449219e-01
4.290423393249511719e-01
4.775371551513671875e-01
4.229693412780761719e-01
4.363379478454589844e-01
4.299387931823730469e-01
4.251444339752197266e-01
4.295341968536376953e-01
4.358289241790771484e-01
4.376113414764404297e-01
4.263384342193603516e-01
4.238958358764648438e-01
4.338886737823486328e-01
4.241850376129150391e-01
4.380717277526855469e-01
4.394438266754150391e-01
4.270806312561035156e-01
4.452068805694580078e-01
4.207234382629394531e-01
4.371547698974609375e-01
4.340167045593261719e-01
4.228098392486572266e-01
4.303307533264160156e-01
4.449400901794433594e-01
4.300220012664794922e-01
4.438056945800781250e-01
4.346766471862792969e-01
4.361610412597656250e-01
4.282491207122802734e-01
4.559278488159179688e-01
4.402699470520019531e-01
4.423604011535644531e-01
4.449558258056640625e-01
4.417617321014404297e-01
4.290702342987060547e-01
4.570806026458740234e-01
4.529466629028320312e-01
4.413762092590332031e-01
4.195024967193603516e-01
4.328665733337402344e-01
4.350600242614746094e-01
4.321227073669433594e-01
4.260785579681396484e-01
4.319601058959960938e-01
4.207367897033691406e-01
4.368863105773925781e-01
4.280488491058349609e-01
4.400961399078369141e-01
4.296441078186035156e-01
4.290242195129394531e-01
4.241104125976562500e-01
4.482920169830322266e-01
4.411129951477050781e-01
4.566428661346435547e-01
4.329750537872314453e-01
4.374370574951171875e-01
4.509582519531250000e-01
4.376475811004638672e-01
4.237775802612304688e-01
4.359428882598876953e-01
4.160616397857666016e-01
4.255733489990234375e-01
4.352459907531738281e-01
4.316749572753906250e-01
4.246592521667480469e-01
4.335145950317382812e-01
4.520373344421386719e-01
4.467422962188720703e-01
4.238345623016357422e-01
4.295711517333984375e-01
4.272692203521728516e-01
4.508092403411865234e-01
4.201629161834716797e-01
4.582450389862060547e-01
4.263489246368408203e-01
4.385833740234375000e-01
4.208629131317138672e-01
4.350101947784423828e-01
4.360589981079101562e-01
4.400236606597900391e-01
4.537665843963623047e-01
4.343111515045166016e-01
4.337527751922607422e-01
4.307463169097900391e-01
4.277770519256591797e-01
4.576573371887207031e-01
4.312195777893066406e-01
4.357521533966064453e-01
4.297971725463867188e-01
4.289498329162597656e-01
4.260854721069335938e-01
4.264900684356689453e-01
4.364416599273681641e-01
4.312806129455566406e-01
4.268209934234619141e-01
4.226737022399902344e-01
4.399421215057373047e-01
4.462091922760009766e-01
4.337084293365478516e-01
4.300315380096435547e-01
4.377050399780273438e-01
4.370045661926269531e-01
4.321551322937011719e-01
4.210176467895507812e-01
4.386272430419921875e-01
4.617693424224853516e-01
4.158978462219238281e-01
3.639705181121826172e-01
4.290959835052490234e-01
4.361469745635986328e-01
4.284150600433349609e-01
4.121227264404296875e-01
4.225435256958007812e-01
4.377093315124511719e-01
4.503633975982666016e-01
4.289970397949218750e-01
4.281725883483886719e-01
4.379293918609619141e-01
4.234733581542968750e-01
4.419240951538085938e-01
4.291441440582275391e-01
4.270565509796142578e-01
4.371650218963623047e-01
4.309456348419189453e-01
4.240207672119140625e-01
4.326889514923095703e-01
4.271311759948730469e-01
4.247195720672607422e-01
4.286472797393798828e-01
4.413583278656005859e-01
4.338600635528564453e-01
4.352254867553710938e-01
4.213378429412841797e-01
4.255781173706054688e-01
4.352684020996093750e-01
4.330401420593261719e-01
4.427933692932128906e-01
4.279356002807617188e-01
4.213414192199707031e-01
4.237813949584960938e-01
4.283118247985839844e-01
4.422523975372314453e-01
4.293115139007568359e-01
4.281449317932128906e-01
4.392914772033691406e-01
4.174873828887939453e-01
4.411833286285400391e-01
4.371576309204101562e-01
4.304420948028564453e-01
4.280669689178466797e-01
4.472174644470214844e-01
4.260656833648681641e-01
4.424722194671630859e-01
4.212594032287597656e-01
4.232852458953857422e-01
4.365007877349853516e-01
4.367237091064453125e-01
