0.2518763542175293
0.2373197078704834
0.5027525424957275
0.25092577934265137
0.20465493202209473
0.20156121253967285
0.24341821670532227
0.18173980712890625
0.18488383293151855
0.19437742233276367
0.2129683494567871
0.19285130500793457
0.2189924716949463
0.22091102600097656
0.21995019912719727
0.2186732292175293
0.21050190925598145
0.20861029624938965
0.18107175827026367
0.1971452236175537
0.2005302906036377
0.25768494606018066
0.20700836181640625
0.19652843475341797
0.20798969268798828
0.1995844841003418
0.18890595436096191
0.1889946460723877
0.1865251064300537
0.20257043838500977
0.21846771240234375
0.20457005500793457
0.24288535118103027
0.21674156188964844
0.2233734130859375
0.20702242851257324
0.19479084014892578
0.19562554359436035
0.2322556972503662
0.2398691177368164
0.20986628532409668
0.19861960411071777
0.20106792449951172
0.2481379508972168
0.2249441146850586
0.25157594680786133
0.24773693084716797
0.24127817153930664
0.25595545768737793
0.2125260829925537
0.2000598907470703
0.199082612991333
0.19922876358032227
0.30596232414245605
0.21811437606811523
0.2947831153869629
0.20339059829711914
0.2453017234802246
0.198685884475708
0.18874835968017578
0.24549031257629395
0.23619818687438965
0.24278712272644043
0.2284536361694336
0.1808319091796875
0.18274617195129395
0.22198724746704102
0.18611431121826172
0.1881558895111084
0.21879029273986816
0.17931628227233887
0.2103285789489746
0.19763612747192383
0.19150519371032715
0.18952584266662598
0.166184663772583
0.1719367504119873
0.19340825080871582
0.22092938423156738
0.22160553932189941
0.18528962135314941
0.2306509017944336
0.17920255661010742
0.2073955535888672
0.20973801612854004
0.17829227447509766
0.20920324325561523
0.24190282821655273
0.17213726043701172
0.24899601936340332
0.33818817138671875
0.1979198455810547
0.21444916725158691
0.2512543201446533
0.24106287956237793
0.205000638961792
0.17547178268432617
0.24119806289672852
0.21040582656860352
0.2324204444885254
0.23239398002624512
0.26200151443481445
0.1885073184967041
0.19872236251831055
0.17805027961730957
0.19785380363464355
0.18466949462890625
0.1900026798248291
0.18918585777282715
0.21024298667907715
0.18676352500915527
0.2065136432647705
0.20655059814453125
0.19122934341430664
0.20087361335754395
0.22246384620666504
0.24822139739990234
0.23747801780700684
0.1803750991821289
0.17612552642822266
0.22485971450805664
0.19533109664916992
0.1811842918395996
0.19038701057434082
0.1854093074798584
0.19649386405944824
0.18230056762695312
0.18720459938049316
0.18555426597595215
0.18612456321716309
0.18122363090515137
0.22514891624450684
0.17804217338562012
0.1822664737701416
0.176222562789917
0.23988914489746094
0.19017648696899414
0.22241544723510742
0.19505620002746582
0.19633221626281738
0.20757222175598145
0.1951596736907959
0.23601078987121582
0.23687267303466797
0.27280497550964355
0.20413851737976074
0.20919346809387207
0.19462108612060547
0.17734599113464355
0.2436981201171875
0.2101302146911621
0.22420668601989746
0.2007122039794922
0.18859124183654785
0.17002272605895996
0.17103004455566406
0.2084980010986328
0.19669532775878906
0.1996912956237793
0.19046759605407715
0.2453925609588623
0.236968994140625
0.18473172187805176
0.1978468894958496
0.1889181137084961
0.19871258735656738
0.18561720848083496
0.1740705966949463
0.20156407356262207
0.223128080368042
0.18189597129821777
0.15373659133911133
0.1728677749633789
0.21623992919921875
0.18173956871032715
0.1683821678161621
0.19476318359375
0.2179715633392334
0.24236679077148438
0.1921846866607666
0.23669075965881348
0.24429011344909668
0.1618971824645996
0.2006528377532959
0.18424701690673828
0.19612693786621094
0.19413995742797852
0.19990754127502441
0.2026989459991455
0.20224499702453613
0.21140241622924805
0.20528364181518555
0.20013093948364258
0.23273777961730957
0.2046341896057129
0.19701814651489258
0.1848125457763672
0.19214677810668945
0.24197030067443848
0.17389225959777832
0.21475839614868164
0.19160747528076172
0.1950981616973877
0.19722771644592285
0.19539427757263184
0.1953577995300293
0.19858956336975098
0.17685890197753906
0.20415616035461426
0.19205760955810547
0.21731328964233398
0.1900017261505127
0.21157455444335938
0.20665240287780762
0.2209765911102295
0.1763923168182373
0.22281789779663086
0.18830537796020508
0.18175435066223145
0.20217204093933105
0.20196795463562012
