4.155249595642089844e-01
4.037423133850097656e-01
4.004285335540771484e-01
4.058301448822021484e-01
4.044017791748046875e-01
4.022386074066162109e-01
4.025459289550781250e-01
4.174630641937255859e-01
4.197292327880859375e-01
4.059517383575439453e-01
4.155337810516357422e-01
4.006960391998291016e-01
4.129619598388671875e-01
4.188182353973388672e-01
4.234211444854736328e-01
4.110748767852783203e-01
4.052419662475585938e-01
4.075860977172851562e-01
4.030315876007080078e-01
4.001092910766601562e-01
4.149556159973144531e-01
3.971989154815673828e-01
4.144937992095947266e-01
4.147543907165527344e-01
4.085378646850585938e-01
4.226272106170654297e-01
4.043672084808349609e-01
3.939597606658935547e-01
3.983736038208007812e-01
4.149363040924072266e-01
4.670135974884033203e-01
4.064133167266845703e-01
4.299368858337402344e-01
4.131577014923095703e-01
4.078752994537353516e-01
4.143016338348388672e-01
4.049124717712402344e-01
4.006650447845458984e-01
4.243512153625488281e-01
4.156980514526367188e-01
4.172008037567138672e-01
4.055690765380859375e-01
4.130258560180664062e-01
4.315009117126464844e-01
4.186232089996337891e-01
4.189627170562744141e-01
4.213612079620361328e-01
4.114954471588134766e-01
4.270055294036865234e-01
4.164512157440185547e-01
3.992590904235839844e-01
3.995416164398193359e-01
4.187071323394775391e-01
4.443552494049072266e-01
4.105296134948730469e-01
4.089183807373046875e-01
4.096627235412597656e-01
4.212682247161865234e-01
3.955059051513671875e-01
3.916585445404052734e-01
4.271273612976074219e-01
4.237666130065917969e-01
4.269480705261230469e-01
4.321918487548828125e-01
4.189548492431640625e-01
4.141263961791992188e-01
4.151902198791503906e-01
3.850185871124267578e-01
4.079587459564208984e-01
4.124736785888671875e-01
4.001226425170898438e-01
4.048967361450195312e-01
4.071366786956787109e-01
4.081516265869140625e-01
4.006030559539794922e-01
4.031422138214111328e-01
4.029641151428222656e-01
4.006512165069580078e-01
4.072794914245605469e-01
4.139626026153564453e-01
3.959457874298095703e-01
4.303231239318847656e-01
4.008023738861083984e-01
4.120261669158935547e-01
4.001665115356445312e-01
4.051809310913085938e-01
4.202890396118164062e-01
4.168612957000732422e-01
4.027094841003417969e-01
4.094390869140625000e-01
4.161696434020996094e-01
4.120709896087646484e-01
4.104864597320556641e-01
4.140620231628417969e-01
4.263002872467041016e-01
3.982956409454345703e-01
3.975422382354736328e-01
4.222822189331054688e-01
4.082286357879638672e-01
4.174795150756835938e-01
4.250857830047607422e-01
4.093778133392333984e-01
4.060151576995849609e-01
4.160230159759521484e-01
3.995387554168701172e-01
4.130632877349853516e-01
4.066081047058105469e-01
4.006876945495605469e-01
4.070055484771728516e-01
3.872144222259521484e-01
4.250698089599609375e-01
4.126157760620117188e-01
4.113795757293701172e-01
4.255516529083251953e-01
3.989324569702148438e-01
4.139523506164550781e-01
4.108014106750488281e-01
4.206879138946533203e-01
3.952636718750000000e-01
4.038991928100585938e-01
4.145338535308837891e-01
4.076619148254394531e-01
4.097497463226318359e-01
3.957772254943847656e-01
4.027140140533447266e-01
4.003918170928955078e-01
3.973464965820312500e-01
4.045910835266113281e-01
3.987233638763427734e-01
4.061112403869628906e-01
3.886480331420898438e-01
4.239141941070556641e-01
4.018380641937255859e-01
4.035673141479492188e-01
4.150631427764892578e-01
4.296815395355224609e-01
4.094557762145996094e-01
4.227113723754882812e-01
4.142274856567382812e-01
3.919410705566406250e-01
4.130160808563232422e-01
4.075856208801269531e-01
4.178659915924072266e-01
4.158141613006591797e-01
4.257214069366455078e-01
4.125850200653076172e-01
4.055690765380859375e-01
4.022860527038574219e-01
3.979771137237548828e-01
4.155981540679931641e-01
4.180719852447509766e-01
4.339885711669921875e-01
4.159321784973144531e-01
4.025647640228271484e-01
4.185891151428222656e-01
3.982133865356445312e-01
4.067218303680419922e-01
4.148716926574707031e-01
4.051401615142822266e-01
3.986647129058837891e-01
4.252614974975585938e-01
4.207410812377929688e-01
3.973121643066406250e-01
4.093391895294189453e-01
4.004349708557128906e-01
4.072086811065673828e-01
4.097280502319335938e-01
4.602205753326416016e-01
4.177494049072265625e-01
4.184107780456542969e-01
4.017884731292724609e-01
3.907151222229003906e-01
4.172875881195068359e-01
4.132232666015625000e-01
4.036438465118408203e-01
4.031248092651367188e-01
4.106533527374267578e-01
4.110779762268066406e-01
4.357526302337646484e-01
4.063682556152343750e-01
4.010598659515380859e-01
4.158785343170166016e-01
3.928768634796142578e-01
4.196503162384033203e-01
4.083871841430664062e-01
4.088923931121826172e-01
4.142553806304931641e-01
4.088196754455566406e-01
4.109485149383544922e-01
4.171655178070068359e-01
4.007997512817382812e-01
4.164113998413085938e-01
4.105520248413085938e-01
4.141428470611572266e-01
4.076383113861083984e-01
4.117555618286132812e-01
4.022459983825683594e-01
4.133248329162597656e-01
3.995494842529296875e-01
4.070739746093750000e-01
4.297952651977539062e-01
4.059598445892333984e-01
4.242947101593017578e-01
4.186081886291503906e-01
4.235715866088867188e-01
4.205479621887207031e-01
4.071989059448242188e-01
3.984282016754150391e-01
4.105558395385742188e-01
4.073536396026611328e-01
4.272069931030273438e-01
4.269323348999023438e-01
4.136235713958740234e-01
4.179530143737792969e-01
4.246525764465332031e-01
4.082214832305908203e-01
4.249522686004638672e-01
4.189043045043945312e-01
4.090495109558105469e-01
4.185850620269775391e-01
4.214091300964355469e-01
