4.569585323333740234e-01
4.606761932373046875e-01
4.500143527984619141e-01
4.520831108093261719e-01
4.492528438568115234e-01
4.521965980529785156e-01
4.351716041564941406e-01
4.472837448120117188e-01
4.515745639801025391e-01
4.600648880004882812e-01
4.484150409698486328e-01
4.465181827545166016e-01
4.670352935791015625e-01
4.654469490051269531e-01
4.542226791381835938e-01
4.542229175567626953e-01
4.703755378723144531e-01
4.647121429443359375e-01
4.600906372070312500e-01
4.500706195831298828e-01
4.559228420257568359e-01
4.497666358947753906e-01
4.569609165191650391e-01
4.408552646636962891e-01
4.617402553558349609e-01
4.511749744415283203e-01
4.709615707397460938e-01
4.415061473846435547e-01
4.449663162231445312e-01
5.613934993743896484e-01
4.469406604766845703e-01
4.450840950012207031e-01
4.729549884796142578e-01
4.581730365753173828e-01
4.530591964721679688e-01
4.445936679840087891e-01
4.449069499969482422e-01
4.568800926208496094e-01
4.531123638153076172e-01
4.648585319519042969e-01
4.510815143585205078e-01
4.512443542480468750e-01
4.398632049560546875e-01
4.666953086853027344e-01
4.645402431488037109e-01
4.561100006103515625e-01
4.707329273223876953e-01
4.586954116821289062e-01
4.699475765228271484e-01
4.531488418579101562e-01
4.625654220581054688e-01
4.617602825164794922e-01
4.484043121337890625e-01
4.668869972229003906e-01
4.472277164459228516e-01
4.499602317810058594e-01
4.519393444061279297e-01
4.744024276733398438e-01
4.499042034149169922e-01
4.516766071319580078e-01
4.605853557586669922e-01
4.693310260772705078e-01
4.704551696777343750e-01
4.643740653991699219e-01
4.541943073272705078e-01
4.431245326995849609e-01
4.533936977386474609e-01
4.339227676391601562e-01
4.568722248077392578e-01
4.556615352630615234e-01
4.378321170806884766e-01
4.624502658843994141e-01
4.655830860137939453e-01
4.555265903472900391e-01
4.331686496734619141e-01
4.358789920806884766e-01
4.447669982910156250e-01
4.481639862060546875e-01
4.540009498596191406e-01
4.549586772918701172e-01
4.380145072937011719e-01
4.744782447814941406e-01
4.256839752197265625e-01
4.652748107910156250e-01
4.521811008453369141e-01
4.447402954101562500e-01
4.508264064788818359e-01
4.701027870178222656e-01
4.561905860900878906e-01
4.694635868072509766e-01
4.497420787811279297e-01
4.477422237396240234e-01
4.642000198364257812e-01
4.643723964691162109e-01
4.783546924591064453e-01
4.668364524841308594e-01
4.610071182250976562e-01
4.759874343872070312e-01
4.550502300262451172e-01
4.605205059051513672e-01
4.632430076599121094e-01
4.640703201293945312e-01
4.529352188110351562e-01
4.586620330810546875e-01
4.404506683349609375e-01
4.540526866912841797e-01
4.521033763885498047e-01
4.384398460388183594e-01
4.652392864227294922e-01
4.515950679779052734e-01
4.449234008789062500e-01
4.461643695831298828e-01
4.557964801788330078e-01
4.428076744079589844e-01
4.429206848144531250e-01
4.539318084716796875e-01
4.959318637847900391e-01
4.582266807556152344e-01
4.467189311981201172e-01
4.358870983123779297e-01
4.628002643585205078e-01
3.958475589752197266e-01
2.761070728302001953e-01
4.490985870361328125e-01
4.562306404113769531e-01
4.574480056762695312e-01
4.520757198333740234e-01
4.550545215606689453e-01
4.467766284942626953e-01
4.462184906005859375e-01
4.471621513366699219e-01
4.840238094329833984e-01
4.446954727172851562e-01
4.610798358917236328e-01
4.418275356292724609e-01
4.613144397735595703e-01
4.596526622772216797e-01
4.508857727050781250e-01
4.560859203338623047e-01
4.645333290100097656e-01
4.542806148529052734e-01
4.567656517028808594e-01
4.716563224792480469e-01
4.665691852569580078e-01
4.646277427673339844e-01
4.774062633514404297e-01
4.623880386352539062e-01
4.623932838439941406e-01
4.589900970458984375e-01
4.842400550842285156e-01
4.494507312774658203e-01
4.635894298553466797e-01
4.568099975585937500e-01
4.598379135131835938e-01
4.404270648956298828e-01
4.524624347686767578e-01
4.510524272918701172e-01
4.627664089202880859e-01
4.703762531280517578e-01
4.541842937469482422e-01
4.561901092529296875e-01
4.745650291442871094e-01
4.500524997711181641e-01
4.485762119293212891e-01
4.587447643280029297e-01
4.501924514770507812e-01
4.529304504394531250e-01
4.569323062896728516e-01
4.568428993225097656e-01
4.714498519897460938e-01
4.469389915466308594e-01
4.439022541046142578e-01
4.439494609832763672e-01
4.697127342224121094e-01
4.507553577423095703e-01
4.507806301116943359e-01
4.413106441497802734e-01
4.552998542785644531e-01
4.693393707275390625e-01
4.503045082092285156e-01
4.571061134338378906e-01
4.722476005554199219e-01
4.515929222106933594e-01
4.690279960632324219e-01
4.532413482666015625e-01
4.468765258789062500e-01
4.610791206359863281e-01
4.538326263427734375e-01
4.645750522613525391e-01
4.575757980346679688e-01
4.468746185302734375e-01
4.690907001495361328e-01
4.458951950073242188e-01
4.670276641845703125e-01
4.592037200927734375e-01
4.415373802185058594e-01
4.426786899566650391e-01
4.605846405029296875e-01
4.571025371551513672e-01
4.337534904479980469e-01
4.567096233367919922e-01
4.404709339141845703e-01
4.486896991729736328e-01
4.604384899139404297e-01
4.508268833160400391e-01
4.588768482208251953e-01
4.545164108276367188e-01
4.429168701171875000e-01
4.622128009796142578e-01
4.541499614715576172e-01
4.659891128540039062e-01
4.564828872680664062e-01
4.462711811065673828e-01
4.634089469909667969e-01
4.433586597442626953e-01
4.694180488586425781e-01
4.711675643920898438e-01
4.619400501251220703e-01
4.448895454406738281e-01
4.604148864746093750e-01
4.711453914642333984e-01
