1.841216087341308594e-01
2.098481655120849609e-01
1.454262733459472656e-01
1.594097614288330078e-01
1.736531257629394531e-01
2.052929401397705078e-01
1.761889457702636719e-01
1.650745868682861328e-01
1.799049377441406250e-01
1.720690727233886719e-01
1.826591491699218750e-01
2.127683162689208984e-01
1.992774009704589844e-01
2.473115921020507812e-01
1.879727840423583984e-01
2.067189216613769531e-01
2.371256351470947266e-01
1.673581600189208984e-01
1.408188343048095703e-01
2.001495361328125000e-01
1.499497890472412109e-01
1.838741302490234375e-01
2.021121978759765625e-01
2.024908065795898438e-01
1.741232872009277344e-01
2.390058040618896484e-01
1.531286239624023438e-01
1.506917476654052734e-01
1.999928951263427734e-01
1.683750152587890625e-01
2.142388820648193359e-01
1.952042579650878906e-01
2.247402667999267578e-01
1.802833080291748047e-01
2.136955261230468750e-01
1.774466037750244141e-01
1.517450809478759766e-01
1.916637420654296875e-01
1.945877075195312500e-01
1.724491119384765625e-01
2.318391799926757812e-01
1.609561443328857422e-01
1.530630588531494141e-01
2.631337642669677734e-01
2.223484516143798828e-01
2.753877639770507812e-01
2.342677116394042969e-01
2.751951217651367188e-01
2.278110980987548828e-01
2.093529701232910156e-01
1.644196510314941406e-01
1.851193904876708984e-01
2.212941646575927734e-01
2.272758483886718750e-01
2.097623348236083984e-01
2.081294059753417969e-01
1.776747703552246094e-01
2.930858135223388672e-01
1.639397144317626953e-01
1.499145030975341797e-01
2.665309906005859375e-01
2.057628631591796875e-01
2.190165519714355469e-01
2.407960891723632812e-01
1.493170261383056641e-01
1.570234298706054688e-01
2.250509262084960938e-01
1.453378200531005859e-01
1.765656471252441406e-01
2.303709983825683594e-01
1.428194046020507812e-01
2.462394237518310547e-01
1.611816883087158203e-01
1.513001918792724609e-01
1.589381694793701172e-01
1.559512615203857422e-01
1.409838199615478516e-01
1.729850769042968750e-01
2.268397808074951172e-01
1.852636337280273438e-01
1.761903762817382812e-01
2.840125560760498047e-01
1.384842395782470703e-01
2.035455703735351562e-01
2.239968776702880859e-01
1.696612834930419922e-01
1.873111724853515625e-01
2.708027362823486328e-01
1.401042938232421875e-01
2.981338500976562500e-01
1.958491802215576172e-01
1.800420284271240234e-01
2.209112644195556641e-01
2.494857311248779297e-01
2.759580612182617188e-01
1.829996109008789062e-01
1.459505558013916016e-01
2.985258102416992188e-01
2.037887573242187500e-01
2.820837497711181641e-01
2.209303379058837891e-01
2.741312980651855469e-01
1.583986282348632812e-01
1.683192253112792969e-01
1.905446052551269531e-01
1.533520221710205078e-01
1.671924591064453125e-01
1.568644046783447266e-01
2.144606113433837891e-01
2.162470817565917969e-01
1.526660919189453125e-01
2.179081439971923828e-01
1.729047298431396484e-01
1.876194477081298828e-01
1.792190074920654297e-01
1.971747875213623047e-01
2.745482921600341797e-01
2.500188350677490234e-01
1.519768238067626953e-01
1.934461593627929688e-01
1.982648372650146484e-01
1.780364513397216797e-01
1.947965621948242188e-01
1.792669296264648438e-01
1.477282047271728516e-01
2.044935226440429688e-01
1.500022411346435547e-01
1.459081172943115234e-01
1.948108673095703125e-01
1.621141433715820312e-01
1.356735229492187500e-01
2.573583126068115234e-01
1.595511436462402344e-01
1.669499874114990234e-01
1.426138877868652344e-01
2.678730487823486328e-01
1.395490169525146484e-01
2.573428153991699219e-01
1.529035568237304688e-01
1.612973213195800781e-01
2.096641063690185547e-01
1.814365386962890625e-01
2.227931022644042969e-01
2.536277770996093750e-01
2.471699714660644531e-01
2.529022693634033203e-01
1.872947216033935547e-01
1.749792098999023438e-01
1.879518032073974609e-01
2.307536602020263672e-01
2.198352813720703125e-01
2.341175079345703125e-01
1.608717441558837891e-01
1.917479038238525391e-01
1.344625949859619141e-01
1.561143398284912109e-01
1.644437313079833984e-01
2.139954566955566406e-01
1.707599163055419922e-01
1.657977104187011719e-01
2.630133628845214844e-01
2.410278320312500000e-01
2.014114856719970703e-01
1.711764335632324219e-01
1.548223495483398438e-01
2.115337848663330078e-01
1.506307125091552734e-01
1.601340770721435547e-01
1.969985961914062500e-01
2.906208038330078125e-01
1.538257598876953125e-01
1.240599155426025391e-01
1.893177032470703125e-01
2.038202285766601562e-01
1.461875438690185547e-01
1.865200996398925781e-01
1.789748668670654297e-01
2.001991271972656250e-01
2.578985691070556641e-01
1.781697273254394531e-01
1.770081520080566406e-01
2.540307044982910156e-01
1.284394264221191406e-01
2.374243736267089844e-01
1.703867912292480469e-01
1.683976650238037109e-01
2.075695991516113281e-01
1.481528282165527344e-01
1.868145465850830078e-01
1.765723228454589844e-01
1.943206787109375000e-01
1.862740516662597656e-01
2.320220470428466797e-01
2.307505607604980469e-01
1.783330440521240234e-01
2.258126735687255859e-01
1.496779918670654297e-01
1.767587661743164062e-01
1.985547542572021484e-01
1.439208984375000000e-01
1.864461898803710938e-01
1.358056068420410156e-01
1.887493133544921875e-01
1.452841758728027344e-01
1.693315505981445312e-01
2.035071849822998047e-01
1.588721275329589844e-01
1.387794017791748047e-01
1.935005187988281250e-01
1.852486133575439453e-01
1.954784393310546875e-01
2.038702964782714844e-01
1.622910499572753906e-01
1.924960613250732422e-01
2.483751773834228516e-01
1.513338088989257812e-01
2.195491790771484375e-01
1.899209022521972656e-01
1.741044521331787109e-01
2.095150947570800781e-01
1.944167613983154297e-01
