1.936936378479003906e-02
1.439833641052246094e-02
1.484918594360351562e-02
1.551651954650878906e-02
1.311016082763671875e-02
1.208233833312988281e-02
1.427602767944335938e-02
1.853370666503906250e-02
1.426815986633300781e-02
1.292657852172851562e-02
1.298546791076660156e-02
1.176095008850097656e-02
1.252031326293945312e-02
1.211476325988769531e-02
1.274752616882324219e-02
1.204514503479003906e-02
1.263833045959472656e-02
1.148700714111328125e-02
1.157975196838378906e-02
1.146268844604492188e-02
1.197671890258789062e-02
1.158690452575683594e-02
1.226925849914550781e-02
1.180052757263183594e-02
1.530098915100097656e-02
1.155757904052734375e-02
1.135563850402832031e-02
1.154947280883789062e-02
1.837944984436035156e-02
1.243853569030761719e-02
1.266169548034667969e-02
1.132154464721679688e-02
1.536917686462402344e-02
1.628518104553222656e-02
1.456427574157714844e-02
1.429533958435058594e-02
1.208162307739257812e-02
1.098465919494628906e-02
1.248097419738769531e-02
1.148200035095214844e-02
1.237249374389648438e-02
1.329231262207031250e-02
1.163458824157714844e-02
1.265430450439453125e-02
1.300644874572753906e-02
1.312327384948730469e-02
1.384305953979492188e-02
1.662874221801757812e-02
1.437520980834960938e-02
1.174259185791015625e-02
1.234316825866699219e-02
1.143670082092285156e-02
1.199245452880859375e-02
1.284575462341308594e-02
1.514196395874023438e-02
1.763582229614257812e-02
1.793122291564941406e-02
1.268696784973144531e-02
1.371765136718750000e-02
1.463413238525390625e-02
1.361203193664550781e-02
1.254343986511230469e-02
1.321506500244140625e-02
1.239418983459472656e-02
1.155710220336914062e-02
1.422333717346191406e-02
1.264834403991699219e-02
1.024413108825683594e-02
1.695585250854492188e-02
1.260876655578613281e-02
1.152563095092773438e-02
1.249313354492187500e-02
1.182317733764648438e-02
1.152038574218750000e-02
1.175999641418457031e-02
9.327650070190429688e-03
1.089787483215332031e-02
1.347017288208007812e-02
1.346588134765625000e-02
1.524615287780761719e-02
1.701664924621582031e-02
1.300954818725585938e-02
1.121115684509277344e-02
1.454401016235351562e-02
1.201653480529785156e-02
1.038670539855957031e-02
1.254963874816894531e-02
1.338315010070800781e-02
1.120138168334960938e-02
1.266670227050781250e-02
1.253938674926757812e-02
1.161050796508789062e-02
1.236557960510253906e-02
1.336121559143066406e-02
1.388001441955566406e-02
1.174283027648925781e-02
1.158189773559570312e-02
1.298117637634277344e-02
1.194858551025390625e-02
1.284646987915039062e-02
1.360416412353515625e-02
1.877927780151367188e-02
1.241660118103027344e-02
1.156401634216308594e-02
1.551246643066406250e-02
1.270723342895507812e-02
1.191926002502441406e-02
1.106977462768554688e-02
1.499962806701660156e-02
1.183462142944335938e-02
1.178312301635742188e-02
1.321363449096679688e-02
1.591753959655761719e-02
1.162123680114746094e-02
1.188993453979492188e-02
1.157140731811523438e-02
1.375699043273925781e-02
1.335287094116210938e-02
1.453757286071777344e-02
1.311206817626953125e-02
1.457428932189941406e-02
1.362252235412597656e-02
1.174855232238769531e-02
1.077723503112792969e-02
1.272296905517578125e-02
1.552605628967285156e-02
1.464176177978515625e-02
1.177048683166503906e-02
1.330995559692382812e-02
1.615118980407714844e-02
1.663494110107421875e-02
1.713037490844726562e-02
1.719641685485839844e-02
1.389050483703613281e-02
1.350188255310058594e-02
1.672315597534179688e-02
1.734495162963867188e-02
1.268839836120605469e-02
1.191949844360351562e-02
1.272892951965332031e-02
1.223611831665039062e-02
1.103949546813964844e-02
1.305103302001953125e-02
1.286888122558593750e-02
1.426672935485839844e-02
1.164078712463378906e-02
1.206922531127929688e-02
1.182866096496582031e-02
1.203513145446777344e-02
1.311373710632324219e-02
1.316881179809570312e-02
1.283478736877441406e-02
1.315259933471679688e-02
1.241302490234375000e-02
1.138234138488769531e-02
9.855985641479492188e-03
1.241493225097656250e-02
1.150274276733398438e-02
1.160097122192382812e-02
1.131558418273925781e-02
1.388597488403320312e-02
1.773118972778320312e-02
1.189136505126953125e-02
1.170086860656738281e-02
1.744794845581054688e-02
1.155447959899902344e-02
1.334953308105468750e-02
1.105642318725585938e-02
1.205897331237792969e-02
1.309013366699218750e-02
1.311588287353515625e-02
9.617090225219726562e-03
1.175141334533691406e-02
1.143980026245117188e-02
1.189708709716796875e-02
1.076936721801757812e-02
1.371884346008300781e-02
1.155543327331542969e-02
1.340746879577636719e-02
1.172113418579101562e-02
1.663231849670410156e-02
1.734495162963867188e-02
1.120901107788085938e-02
1.178073883056640625e-02
1.159834861755371094e-02
1.159691810607910156e-02
1.381635665893554688e-02
1.174330711364746094e-02
1.539754867553710938e-02
1.526331901550292969e-02
1.629853248596191406e-02
1.743245124816894531e-02
1.361584663391113281e-02
1.711225509643554688e-02
1.289224624633789062e-02
1.100802421569824219e-02
1.212096214294433594e-02
1.294469833374023438e-02
1.177239418029785156e-02
1.059150695800781250e-02
1.433968544006347656e-02
1.119756698608398438e-02
1.221513748168945312e-02
1.153039932250976562e-02
1.185512542724609375e-02
1.118206977844238281e-02
1.138925552368164062e-02
1.349878311157226562e-02
1.346755027770996094e-02
1.354146003723144531e-02
1.264786720275878906e-02
1.181197166442871094e-02
1.176810264587402344e-02
1.147294044494628906e-02
1.245331764221191406e-02
1.068496704101562500e-02
1.239371299743652344e-02
1.176548004150390625e-02
1.129841804504394531e-02
1.200604438781738281e-02
1.187634468078613281e-02
