2.367520332336425781e-02
1.672053337097167969e-02
2.085089683532714844e-02
2.204537391662597656e-02
1.828765869140625000e-02
2.379226684570312500e-02
1.966452598571777344e-02
1.891756057739257812e-02
1.769876480102539062e-02
2.148079872131347656e-02
1.748871803283691406e-02
1.855015754699707031e-02
1.902866363525390625e-02
1.693844795227050781e-02
1.849865913391113281e-02
1.976346969604492188e-02
1.784968376159667969e-02
1.738715171813964844e-02
1.700901985168457031e-02
2.010273933410644531e-02
1.770544052124023438e-02
1.793241500854492188e-02
1.718544960021972656e-02
1.790094375610351562e-02
1.818013191223144531e-02
2.294540405273437500e-02
1.867675781250000000e-02
1.693582534790039062e-02
2.173852920532226562e-02
1.819825172424316406e-02
1.904606819152832031e-02
1.763415336608886719e-02
1.864576339721679688e-02
1.854062080383300781e-02
1.912093162536621094e-02
1.906061172485351562e-02
1.703262329101562500e-02
2.016758918762207031e-02
1.709437370300292969e-02
1.807475090026855469e-02
1.964521408081054688e-02
1.776194572448730469e-02
1.938009262084960938e-02
1.819658279418945312e-02
1.822113990783691406e-02
1.854944229125976562e-02
2.066946029663085938e-02
1.919889450073242188e-02
1.786661148071289062e-02
1.900386810302734375e-02
1.692128181457519531e-02
1.794481277465820312e-02
1.770567893981933594e-02
2.148199081420898438e-02
1.910781860351562500e-02
1.759505271911621094e-02
1.904654502868652344e-02
1.800394058227539062e-02
1.827955245971679688e-02
2.082848548889160156e-02
1.874399185180664062e-02
2.208352088928222656e-02
1.758551597595214844e-02
3.542661666870117188e-02
1.790428161621093750e-02
1.818537712097167969e-02
1.705622673034667969e-02
1.997494697570800781e-02
1.873207092285156250e-02
1.787328720092773438e-02
2.235102653503417969e-02
2.340555191040039062e-02
2.200794219970703125e-02
1.747393608093261719e-02
1.807117462158203125e-02
1.775288581848144531e-02
1.679873466491699219e-02
1.801872253417968750e-02
1.678586006164550781e-02
2.314591407775878906e-02
1.633000373840332031e-02
1.877355575561523438e-02
2.384376525878906250e-02
1.841998100280761719e-02
1.798176765441894531e-02
1.706671714782714844e-02
2.000093460083007812e-02
1.860380172729492188e-02
1.704788208007812500e-02
1.872134208679199219e-02
2.182865142822265625e-02
1.918864250183105469e-02
1.831674575805664062e-02
2.137017250061035156e-02
1.821064949035644531e-02
1.818466186523437500e-02
1.712727546691894531e-02
1.985168457031250000e-02
1.755285263061523438e-02
1.932501792907714844e-02
2.324342727661132812e-02
1.897883415222167969e-02
1.987242698669433594e-02
1.730060577392578125e-02
1.832270622253417969e-02
1.796293258666992188e-02
1.903152465820312500e-02
1.939964294433593750e-02
1.883125305175781250e-02
1.934981346130371094e-02
2.003288269042968750e-02
2.012681961059570312e-02
1.847219467163085938e-02
1.774120330810546875e-02
1.748681068420410156e-02
1.786804199218750000e-02
1.843380928039550781e-02
1.928949356079101562e-02
1.669621467590332031e-02
1.812291145324707031e-02
1.778435707092285156e-02
1.904702186584472656e-02
1.862978935241699219e-02
1.697564125061035156e-02
1.799130439758300781e-02
1.711869239807128906e-02
1.882672309875488281e-02
1.882219314575195312e-02
2.191162109375000000e-02
1.869750022888183594e-02
1.747131347656250000e-02
1.858019828796386719e-02
1.741719245910644531e-02
1.728105545043945312e-02
1.747369766235351562e-02
1.812696456909179688e-02
1.780438423156738281e-02
1.848053932189941406e-02
1.707363128662109375e-02
1.912689208984375000e-02
1.684403419494628906e-02
1.862263679504394531e-02
2.343153953552246094e-02
1.704668998718261719e-02
1.886463165283203125e-02
1.740336418151855469e-02
1.841211318969726562e-02
2.053451538085937500e-02
1.745414733886718750e-02
1.835894584655761719e-02
1.804995536804199219e-02
1.819825172424316406e-02
1.850414276123046875e-02
1.861572265625000000e-02
1.844859123229980469e-02
1.726484298706054688e-02
1.819729804992675781e-02
1.793789863586425781e-02
1.897382736206054688e-02
1.882815361022949219e-02
1.788473129272460938e-02
1.854753494262695312e-02
2.048206329345703125e-02
2.058410644531250000e-02
2.002310752868652344e-02
2.180147171020507812e-02
1.932239532470703125e-02
1.768708229064941406e-02
1.765060424804687500e-02
1.799440383911132812e-02
1.827502250671386719e-02
1.848816871643066406e-02
1.846146583557128906e-02
1.864576339721679688e-02
1.759839057922363281e-02
1.677513122558593750e-02
1.887774467468261719e-02
1.841545104980468750e-02
1.726651191711425781e-02
1.809692382812500000e-02
1.816487312316894531e-02
1.762771606445312500e-02
1.888442039489746094e-02
1.731705665588378906e-02
1.877617835998535156e-02
1.692128181457519531e-02
1.924324035644531250e-02
1.776027679443359375e-02
1.698565483093261719e-02
1.847362518310546875e-02
1.709389686584472656e-02
2.337288856506347656e-02
1.830649375915527344e-02
1.765680313110351562e-02
1.795673370361328125e-02
1.760554313659667969e-02
1.785206794738769531e-02
1.737403869628906250e-02
2.064442634582519531e-02
1.857137680053710938e-02
1.703596115112304688e-02
1.760268211364746094e-02
1.939845085144042969e-02
1.675462722778320312e-02
1.926469802856445312e-02
1.705169677734375000e-02
1.834535598754882812e-02
1.792526245117187500e-02
1.770424842834472656e-02
1.687908172607421875e-02
1.794815063476562500e-02
1.879048347473144531e-02
1.788783073425292969e-02
1.861119270324707031e-02
1.884627342224121094e-02
1.683402061462402344e-02
2.012944221496582031e-02
1.752305030822753906e-02
1.702451705932617188e-02
2.082324028015136719e-02
1.952672004699707031e-02
