2.615642547607421875e-02
6.459188461303710938e-02
1.063489913940429688e-02
1.090621948242187500e-02
1.120090484619140625e-02
1.141381263732910156e-02
1.152896881103515625e-02
1.224970817565917969e-02
1.182556152343750000e-02
1.231098175048828125e-02
1.087570190429687500e-02
1.127123832702636719e-02
1.121425628662109375e-02
1.199340820312500000e-02
1.133775711059570312e-02
1.264452934265136719e-02
1.251649856567382812e-02
1.145100593566894531e-02
9.993314743041992188e-03
1.162099838256835938e-02
1.275205612182617188e-02
1.211404800415039062e-02
1.216340065002441406e-02
1.131224632263183594e-02
1.084065437316894531e-02
1.196432113647460938e-02
1.066088676452636719e-02
1.075601577758789062e-02
1.045393943786621094e-02
1.169323921203613281e-02
1.049232482910156250e-02
1.148247718811035156e-02
1.199173927307128906e-02
1.094174385070800781e-02
1.151394844055175781e-02
1.227068901062011719e-02
1.146721839904785156e-02
1.226115226745605469e-02
1.185941696166992188e-02
1.218438148498535156e-02
1.127886772155761719e-02
1.141595840454101562e-02
1.532721519470214844e-02
1.388216018676757812e-02
1.376843452453613281e-02
1.319241523742675781e-02
1.343250274658203125e-02
1.407837867736816406e-02
1.293706893920898438e-02
1.352095603942871094e-02
1.184773445129394531e-02
1.378226280212402344e-02
1.923084259033203125e-02
1.387596130371093750e-02
1.226925849914550781e-02
1.215553283691406250e-02
1.178288459777832031e-02
1.425981521606445312e-02
1.140069961547851562e-02
1.214456558227539062e-02
1.278758049011230469e-02
1.280283927917480469e-02
1.270961761474609375e-02
1.271796226501464844e-02
1.051831245422363281e-02
1.121520996093750000e-02
1.129961013793945312e-02
9.956359863281250000e-03
1.161837577819824219e-02
1.684165000915527344e-02
1.150751113891601562e-02
1.296830177307128906e-02
1.170921325683593750e-02
1.326036453247070312e-02
1.436924934387207031e-02
1.207590103149414062e-02
9.876728057861328125e-03
1.221942901611328125e-02
1.288414001464843750e-02
1.305294036865234375e-02
1.192474365234375000e-02
1.653528213500976562e-02
9.843349456787109375e-03
1.165485382080078125e-02
1.100683212280273438e-02
1.081061363220214844e-02
1.092648506164550781e-02
1.254343986511230469e-02
9.439468383789062500e-03
1.383066177368164062e-02
1.166939735412597656e-02
1.492214202880859375e-02
1.090955734252929688e-02
1.487445831298828125e-02
1.315689086914062500e-02
1.266193389892578125e-02
1.623058319091796875e-02
1.535439491271972656e-02
1.225852966308593750e-02
1.419758796691894531e-02
1.266551017761230469e-02
1.196956634521484375e-02
1.284217834472656250e-02
1.261591911315917969e-02
1.049470901489257812e-02
1.170396804809570312e-02
1.349139213562011719e-02
1.098465919494628906e-02
1.029968261718750000e-02
1.227021217346191406e-02
1.047873497009277344e-02
1.130151748657226562e-02
1.177144050598144531e-02
1.337122917175292969e-02
1.171135902404785156e-02
1.319456100463867188e-02
1.248049736022949219e-02
1.232647895812988281e-02
1.075172424316406250e-02
1.668024063110351562e-02
1.227712631225585938e-02
1.416921615600585938e-02
1.608347892761230469e-02
1.358032226562500000e-02
1.049160957336425781e-02
1.121187210083007812e-02
1.266384124755859375e-02
1.147341728210449219e-02
1.062083244323730469e-02
1.131081581115722656e-02
1.012086868286132812e-02
1.420044898986816406e-02
1.402330398559570312e-02
1.389431953430175781e-02
1.094341278076171875e-02
1.195812225341796875e-02
1.572179794311523438e-02
1.427340507507324219e-02
1.292777061462402344e-02
1.487421989440917969e-02
1.518011093139648438e-02
1.283955574035644531e-02
1.913642883300781250e-02
1.851606369018554688e-02
1.384663581848144531e-02
1.474070549011230469e-02
1.156997680664062500e-02
1.203346252441406250e-02
1.150155067443847656e-02
1.425504684448242188e-02
1.159596443176269531e-02
1.340150833129882812e-02
1.031923294067382812e-02
1.209735870361328125e-02
9.939670562744140625e-03
1.027870178222656250e-02
1.053977012634277344e-02
1.132512092590332031e-02
1.035356521606445312e-02
1.178216934204101562e-02
1.273465156555175781e-02
1.280498504638671875e-02
1.047205924987792969e-02
1.201295852661132812e-02
1.068425178527832031e-02
1.166653633117675781e-02
1.054453849792480469e-02
1.096963882446289062e-02
1.094150543212890625e-02
1.297879219055175781e-02
1.082015037536621094e-02
1.034355163574218750e-02
9.968757629394531250e-03
1.235103607177734375e-02
1.022887229919433594e-02
1.093745231628417969e-02
1.095819473266601562e-02
1.723647117614746094e-02
1.213049888610839844e-02
1.148486137390136719e-02
1.364135742187500000e-02
1.567196846008300781e-02
1.072621345520019531e-02
1.196694374084472656e-02
1.111674308776855469e-02
1.173233985900878906e-02
1.100468635559082031e-02
1.240420341491699219e-02
1.207351684570312500e-02
1.789236068725585938e-02
1.164245605468750000e-02
1.229763031005859375e-02
1.099061965942382812e-02
1.368832588195800781e-02
1.206922531127929688e-02
1.120686531066894531e-02
1.068019866943359375e-02
1.266670227050781250e-02
1.032876968383789062e-02
1.706218719482421875e-02
1.482439041137695312e-02
1.010894775390625000e-02
1.009654998779296875e-02
1.264238357543945312e-02
1.049089431762695312e-02
1.203203201293945312e-02
1.041340827941894531e-02
1.519417762756347656e-02
1.226973533630371094e-02
1.192998886108398438e-02
1.110148429870605469e-02
1.373147964477539062e-02
1.100468635559082031e-02
1.437449455261230469e-02
1.148629188537597656e-02
1.026582717895507812e-02
1.141977310180664062e-02
1.226878166198730469e-02
1.075553894042968750e-02
1.394963264465332031e-02
1.224184036254882812e-02
