8.261036872863769531e-02
7.138705253601074219e-02
7.016587257385253906e-02
7.631158828735351562e-02
7.742524147033691406e-02
8.242177963256835938e-02
7.760334014892578125e-02
7.757711410522460938e-02
6.647324562072753906e-02
7.982993125915527344e-02
8.209705352783203125e-02
7.897567749023437500e-02
1.093759536743164062e-01
8.935689926147460938e-02
1.037392616271972656e-01
8.867621421813964844e-02
8.612799644470214844e-02
8.506107330322265625e-02
6.227636337280273438e-02
7.991623878479003906e-02
6.615757942199707031e-02
8.967709541320800781e-02
8.261752128601074219e-02
8.346366882324218750e-02
3.398110866546630859e-01
8.201050758361816406e-02
7.257533073425292969e-02
7.085895538330078125e-02
7.072687149047851562e-02
7.680296897888183594e-02
8.725380897521972656e-02
7.106971740722656250e-02
1.125271320343017578e-01
8.918428421020507812e-02
7.615399360656738281e-02
7.273244857788085938e-02
8.013987541198730469e-02
7.771873474121093750e-02
8.420252799987792969e-02
7.485413551330566406e-02
7.195448875427246094e-02
7.146382331848144531e-02
7.886600494384765625e-02
1.048667430877685547e-01
9.408664703369140625e-02
1.076047420501708984e-01
1.047062873840332031e-01
1.104536056518554688e-01
1.177542209625244141e-01
7.988524436950683594e-02
8.422303199768066406e-02
7.899093627929687500e-02
7.980155944824218750e-02
1.193456649780273438e-01
1.083657741546630859e-01
8.669233322143554688e-02
7.119989395141601562e-02
1.124179363250732422e-01
8.749580383300781250e-02
7.989072799682617188e-02
1.026082038879394531e-01
9.901833534240722656e-02
1.014940738677978516e-01
1.020929813385009766e-01
7.267737388610839844e-02
7.045817375183105469e-02
9.474825859069824219e-02
6.852531433105468750e-02
7.435154914855957031e-02
9.956192970275878906e-02
7.508039474487304688e-02
9.365653991699218750e-02
7.367873191833496094e-02
7.982563972473144531e-02
3.270406723022460938e-01
5.701851844787597656e-02
6.739902496337890625e-02
7.250666618347167969e-02
8.688688278198242188e-02
9.308910369873046875e-02
7.679700851440429688e-02
9.788441658020019531e-02
6.160283088684082031e-02
8.113551139831542969e-02
8.238101005554199219e-02
7.572197914123535156e-02
8.682298660278320312e-02
1.146872043609619141e-01
6.569170951843261719e-02
1.130497455596923828e-01
9.042239189147949219e-02
9.048962593078613281e-02
1.021425724029541016e-01
1.132643222808837891e-01
1.094746589660644531e-01
8.411598205566406250e-02
6.940746307373046875e-02
1.061434745788574219e-01
8.139371871948242188e-02
1.030051708221435547e-01
1.019878387451171875e-01
1.119642257690429688e-01
7.263088226318359375e-02
7.826328277587890625e-02
6.583142280578613281e-02
7.116198539733886719e-02
7.246875762939453125e-02
6.750535964965820312e-02
6.872773170471191406e-02
8.623194694519042969e-02
7.764649391174316406e-02
1.030106544494628906e-01
8.680415153503417969e-02
8.590841293334960938e-02
6.786179542541503906e-02
9.643530845642089844e-02
1.162009239196777344e-01
1.106224060058593750e-01
7.279872894287109375e-02
6.564211845397949219e-02
3.063457012176513672e-01
7.486677169799804688e-02
6.366991996765136719e-02
8.330440521240234375e-02
8.386802673339843750e-02
7.769012451171875000e-02
7.399606704711914062e-02
8.754897117614746094e-02
7.067346572875976562e-02
7.209563255310058594e-02
6.205487251281738281e-02
1.038780212402343750e-01
6.787991523742675781e-02
7.418060302734375000e-02
6.332612037658691406e-02
9.473538398742675781e-02
6.742429733276367188e-02
9.371066093444824219e-02
7.494592666625976562e-02
7.881498336791992188e-02
8.920550346374511719e-02
7.862186431884765625e-02
1.072225570678710938e-01
1.179087162017822266e-01
1.153843402862548828e-01
9.054183959960937500e-02
9.409832954406738281e-02
7.724857330322265625e-02
7.882070541381835938e-02
1.069197654724121094e-01
8.286094665527343750e-02
3.014094829559326172e-01
6.866264343261718750e-02
7.926774024963378906e-02
6.752920150756835938e-02
6.300163269042968750e-02
2.746822834014892578e-01
3.306927680969238281e-01
7.587671279907226562e-02
7.887482643127441406e-02
1.151521205902099609e-01
1.151175498962402344e-01
6.933355331420898438e-02
9.466171264648437500e-02
7.431721687316894531e-02
8.987426757812500000e-02
8.336448669433593750e-02
6.488084793090820312e-02
7.897543907165527344e-02
1.129415035247802734e-01
7.611083984375000000e-02
5.635237693786621094e-02
7.047605514526367188e-02
8.771252632141113281e-02
6.543207168579101562e-02
6.278562545776367188e-02
7.388353347778320312e-02
8.933329582214355469e-02
9.779071807861328125e-02
8.286809921264648438e-02
3.230288028717041016e-01
1.078639030456542969e-01
5.571985244750976562e-02
8.600640296936035156e-02
8.258175849914550781e-02
7.842922210693359375e-02
7.667946815490722656e-02
7.384371757507324219e-02
8.711981773376464844e-02
8.027791976928710938e-02
7.195925712585449219e-02
9.330272674560546875e-02
8.523845672607421875e-02
1.008057594299316406e-01
8.094286918640136719e-02
9.077262878417968750e-02
8.585882186889648438e-02
7.988667488098144531e-02
7.384443283081054688e-02
6.329417228698730469e-02
7.551479339599609375e-02
5.786657333374023438e-02
6.665372848510742188e-02
6.529378890991210938e-02
8.238315582275390625e-02
8.521103858947753906e-02
6.948542594909667969e-02
7.191181182861328125e-02
8.392286300659179688e-02
7.249689102172851562e-02
8.907413482666015625e-02
7.608962059020996094e-02
7.604885101318359375e-02
8.770680427551269531e-02
8.087110519409179688e-02
6.662178039550781250e-02
1.048810482025146484e-01
7.673954963684082031e-02
7.459902763366699219e-02
8.390212059020996094e-02
8.167219161987304688e-02
