8.278942108154296875e-02
7.287859916687011719e-02
7.029581069946289062e-02
7.335424423217773438e-02
8.260941505432128906e-02
7.920408248901367188e-02
8.080005645751953125e-02
8.238410949707031250e-02
7.343506813049316406e-02
8.046078681945800781e-02
8.914303779602050781e-02
7.900714874267578125e-02
3.369789123535156250e-01
8.856749534606933594e-02
1.003398895263671875e-01
9.086370468139648438e-02
8.772826194763183594e-02
7.842445373535156250e-02
7.003235816955566406e-02
8.573532104492187500e-02
6.956386566162109375e-02
8.623623847961425781e-02
9.177970886230468750e-02
9.966421127319335938e-02
8.164429664611816406e-02
8.456873893737792969e-02
7.416129112243652344e-02
7.593393325805664062e-02
7.814240455627441406e-02
7.347249984741210938e-02
8.967304229736328125e-02
7.563662528991699219e-02
1.178283691406250000e-01
8.473348617553710938e-02
9.018898010253906250e-02
7.993793487548828125e-02
7.042288780212402344e-02
7.330703735351562500e-02
9.314870834350585938e-02
7.641029357910156250e-02
1.239800453186035156e-01
7.608890533447265625e-02
7.222485542297363281e-02
9.649229049682617188e-02
9.412717819213867188e-02
1.125996112823486328e-01
1.083338260650634766e-01
1.134812831878662109e-01
1.103820800781250000e-01
8.586454391479492188e-02
7.959222793579101562e-02
7.500624656677246094e-02
7.521724700927734375e-02
1.062715053558349609e-01
8.897161483764648438e-02
7.498264312744140625e-02
8.835983276367187500e-02
1.254353523254394531e-01
7.945561408996582031e-02
6.504321098327636719e-02
1.014482975006103516e-01
8.751320838928222656e-02
9.643959999084472656e-02
1.018595695495605469e-01
8.311128616333007812e-02
8.411836624145507812e-02
9.234833717346191406e-02
6.310725212097167969e-02
7.883858680725097656e-02
1.023535728454589844e-01
7.722377777099609375e-02
9.253001213073730469e-02
7.474040985107421875e-02
7.009458541870117188e-02
7.114028930664062500e-02
5.231118202209472656e-02
5.971598625183105469e-02
7.611680030822753906e-02
8.613204956054687500e-02
1.034243106842041016e-01
8.285284042358398438e-02
3.057165145874023438e-01
6.003737449645996094e-02
7.962179183959960938e-02
3.302581310272216797e-01
6.994318962097167969e-02
8.602023124694824219e-02
1.100385189056396484e-01
6.417369842529296875e-02
1.152298450469970703e-01
9.547066688537597656e-02
8.510899543762207031e-02
9.366798400878906250e-02
1.179986000061035156e-01
1.149690151214599609e-01
8.940720558166503906e-02
3.244667053222656250e-01
1.038258075714111328e-01
7.866454124450683594e-02
1.184599399566650391e-01
9.945130348205566406e-02
1.148386001586914062e-01
8.167266845703125000e-02
8.157110214233398438e-02
6.322836875915527344e-02
8.647179603576660156e-02
8.060288429260253906e-02
2.714099884033203125e-01
6.746721267700195312e-02
9.068250656127929688e-02
6.937670707702636719e-02
7.747960090637207031e-02
7.620573043823242188e-02
7.988715171813964844e-02
7.116174697875976562e-02
9.385371208190917969e-02
1.077530384063720703e-01
1.102745532989501953e-01
8.181285858154296875e-02
7.833480834960937500e-02
1.109063625335693359e-01
8.674597740173339844e-02
3.164553642272949219e-01
7.246971130371093750e-02
7.797718048095703125e-02
7.332229614257812500e-02
7.093429565429687500e-02
6.894302368164062500e-02
7.221865653991699219e-02
6.932997703552246094e-02
6.422734260559082031e-02
3.504898548126220703e-01
7.004380226135253906e-02
6.821012496948242188e-02
7.281446456909179688e-02
9.560441970825195312e-02
6.428337097167968750e-02
1.017982959747314453e-01
7.309627532958984375e-02
7.532763481140136719e-02
3.327355384826660156e-01
3.394169807434082031e-01
9.342479705810546875e-02
1.136457920074462891e-01
3.200254440307617188e-01
8.207988739013671875e-02
9.212899208068847656e-02
3.266389369964599609e-01
6.500053405761718750e-02
1.039264202117919922e-01
7.522559165954589844e-02
8.692979812622070312e-02
6.985259056091308594e-02
7.001519203186035156e-02
7.535457611083984375e-02
6.297969818115234375e-02
7.394003868103027344e-02
7.321524620056152344e-02
7.291316986083984375e-02
7.519388198852539062e-02
1.035747528076171875e-01
1.056623458862304688e-01
7.628726959228515625e-02
7.857584953308105469e-02
7.045841217041015625e-02
8.041906356811523438e-02
7.815527915954589844e-02
6.604909896850585938e-02
7.512640953063964844e-02
9.774088859558105469e-02
7.742619514465332031e-02
5.368804931640625000e-02
6.545686721801757812e-02
9.170866012573242188e-02
7.219076156616210938e-02
6.826853752136230469e-02
7.578110694885253906e-02
8.469510078430175781e-02
9.790968894958496094e-02
8.321261405944824219e-02
7.862281799316406250e-02
1.238186359405517578e-01
6.484913825988769531e-02
7.812237739562988281e-02
8.831405639648437500e-02
7.954001426696777344e-02
7.506084442138671875e-02
8.171248435974121094e-02
8.731031417846679688e-02
7.759141921997070312e-02
7.397627830505371094e-02
7.815551757812500000e-02
8.323025703430175781e-02
3.065350055694580078e-01
7.147502899169921875e-02
7.874107360839843750e-02
7.382631301879882812e-02
8.528661727905273438e-02
3.216185569763183594e-01
6.189513206481933594e-02
7.348513603210449219e-02
5.750775337219238281e-02
6.245326995849609375e-02
6.564354896545410156e-02
7.576060295104980469e-02
7.826852798461914062e-02
7.101726531982421875e-02
6.939816474914550781e-02
8.554220199584960938e-02
6.622052192687988281e-02
8.519697189331054688e-02
7.783889770507812500e-02
7.544946670532226562e-02
8.335208892822265625e-02
8.368062973022460938e-02
6.611204147338867188e-02
1.033134460449218750e-01
8.052873611450195312e-02
6.869792938232421875e-02
8.424949645996093750e-02
9.088230133056640625e-02
