2.219040393829345703e-01
1.469566822052001953e-01
1.455461978912353516e-01
1.426084041595458984e-01
1.979196071624755859e-01
1.661603450775146484e-01
1.615490913391113281e-01
1.991932392120361328e-01
1.425814628601074219e-01
1.599957942962646484e-01
2.144412994384765625e-01
1.481504440307617188e-01
1.804096698760986328e-01
2.114191055297851562e-01
1.696865558624267578e-01
2.192175388336181641e-01
1.741101741790771484e-01
1.656522750854492188e-01
1.673688888549804688e-01
1.412122249603271484e-01
1.410646438598632812e-01
1.731717586517333984e-01
2.003464698791503906e-01
1.611392498016357422e-01
1.557090282440185547e-01
1.870994567871093750e-01
1.494584083557128906e-01
1.363263130187988281e-01
1.797876358032226562e-01
1.530373096466064453e-01
1.677575111389160156e-01
1.898915767669677734e-01
2.016615867614746094e-01
2.018008232116699219e-01
1.745328903198242188e-01
1.482515335083007812e-01
1.497638225555419922e-01
2.024595737457275391e-01
1.724307537078857422e-01
2.059078216552734375e-01
1.579637527465820312e-01
1.491086483001708984e-01
1.495287418365478516e-01
2.343525886535644531e-01
1.846520900726318359e-01
2.518029212951660156e-01
2.057034969329833984e-01
2.517616748809814453e-01
2.111968994140625000e-01
1.580576896667480469e-01
1.854891777038574219e-01
1.588282585144042969e-01
1.693069934844970703e-01
2.519605159759521484e-01
1.910157203674316406e-01
1.989235877990722656e-01
1.508407592773437500e-01
2.052109241485595703e-01
1.938707828521728516e-01
1.377813816070556641e-01
1.978766918182373047e-01
2.244186401367187500e-01
1.970205307006835938e-01
2.372698783874511719e-01
1.344985961914062500e-01
1.477344036102294922e-01
2.128555774688720703e-01
1.310992240905761719e-01
1.507384777069091797e-01
2.244005203247070312e-01
1.453237533569335938e-01
1.800508499145507812e-01
1.837751865386962891e-01
1.451382637023925781e-01
1.445488929748535156e-01
1.184306144714355469e-01
1.840338706970214844e-01
1.463294029235839844e-01
1.875109672546386719e-01
2.216706275939941406e-01
1.602220535278320312e-01
2.141149044036865234e-01
1.622381210327148438e-01
1.716527938842773438e-01
1.675376892089843750e-01
1.843698024749755859e-01
1.829428672790527344e-01
1.920917034149169922e-01
1.496396064758300781e-01
2.058868408203125000e-01
2.151062488555908203e-01
1.549284458160400391e-01
1.775844097137451172e-01
2.523295879364013672e-01
2.149741649627685547e-01
1.956884860992431641e-01
1.401417255401611328e-01
2.050681114196777344e-01
2.032725811004638672e-01
2.088608741760253906e-01
2.540974617004394531e-01
2.165653705596923828e-01
1.385133266448974609e-01
1.997523307800292969e-01
1.461760997772216797e-01
1.462533473968505859e-01
1.882481575012207031e-01
1.426587104797363281e-01
1.508452892303466797e-01
1.826314926147460938e-01
1.755104064941406250e-01
1.825385093688964844e-01
1.557874679565429688e-01
2.157263755798339844e-01
1.259713172912597656e-01
1.868510246276855469e-01
2.637038230895996094e-01
1.969628334045410156e-01
1.786391735076904297e-01
1.305942535400390625e-01
1.864588260650634766e-01
1.953423023223876953e-01
1.316893100738525391e-01
1.473376750946044922e-01
1.833488941192626953e-01
1.610529422760009766e-01
1.569178104400634766e-01
1.360745429992675781e-01
1.780941486358642578e-01
1.350057125091552734e-01
1.243965625762939453e-01
2.317214012145996094e-01
1.396071910858154297e-01
1.453661918640136719e-01
1.720058917999267578e-01
1.962821483612060547e-01
1.422393321990966797e-01
2.400658130645751953e-01
1.407434940338134766e-01
1.434962749481201172e-01
2.017126083374023438e-01
1.575431823730468750e-01
1.984021663665771484e-01
2.693893909454345703e-01
2.168254852294921875e-01
2.154207229614257812e-01
1.698973178863525391e-01
1.664929389953613281e-01
1.854341030120849609e-01
2.210981845855712891e-01
1.581628322601318359e-01
2.319266796112060547e-01
1.560018062591552734e-01
1.883428096771240234e-01
1.372122764587402344e-01
1.254768371582031250e-01
1.502482891082763672e-01
1.851224899291992188e-01
1.576993465423583984e-01
1.614513397216796875e-01
2.497041225433349609e-01
2.298603057861328125e-01
1.521787643432617188e-01
1.971068382263183594e-01
1.445872783660888672e-01
1.486198902130126953e-01
1.702532768249511719e-01
1.444566249847412109e-01
1.703026294708251953e-01
2.271978855133056641e-01
1.385545730590820312e-01
1.123886108398437500e-01
1.809091567993164062e-01
1.902666091918945312e-01
1.410584449768066406e-01
1.306424140930175781e-01
1.825394630432128906e-01
1.757919788360595703e-01
2.420058250427246094e-01
1.584546566009521484e-01
1.366457939147949219e-01
2.464387416839599609e-01
1.279690265655517578e-01
1.545000076293945312e-01
1.938576698303222656e-01
1.716785430908203125e-01
1.629834175109863281e-01
1.882526874542236328e-01
1.633200645446777344e-01
1.642830371856689453e-01
1.807394027709960938e-01
1.611490249633789062e-01
1.615555286407470703e-01
2.298834323883056641e-01
1.431219577789306641e-01
1.673498153686523438e-01
1.914744377136230469e-01
1.431567668914794922e-01
1.466267108917236328e-01
1.297459602355957031e-01
1.839334964752197266e-01
1.184844970703125000e-01
1.315412521362304688e-01
1.677289009094238281e-01
1.578762531280517578e-01
1.719226837158203125e-01
1.465477943420410156e-01
1.654043197631835938e-01
1.730265617370605469e-01
1.348891258239746094e-01
2.239205837249755859e-01
1.551973819732666016e-01
1.448345184326171875e-01
2.017571926116943359e-01
1.674630641937255859e-01
1.210603713989257812e-01
2.258143424987792969e-01
1.536064147949218750e-01
1.399405002593994141e-01
1.947982311248779297e-01
1.576218605041503906e-01
