2.063179016113281250e-02
1.744222640991210938e-02
1.179409027099609375e-02
1.216006278991699219e-02
1.320910453796386719e-02
1.915311813354492188e-02
1.143741607666015625e-02
1.240563392639160156e-02
1.212906837463378906e-02
1.259756088256835938e-02
1.334714889526367188e-02
1.206398010253906250e-02
1.404666900634765625e-02
1.292920112609863281e-02
1.245713233947753906e-02
1.543474197387695312e-02
1.341891288757324219e-02
6.050562858581542969e-02
1.149868965148925781e-02
1.180958747863769531e-02
1.125431060791015625e-02
1.305341720581054688e-02
1.134061813354492188e-02
1.621723175048828125e-02
1.189756393432617188e-02
1.586437225341796875e-02
1.169037818908691406e-02
1.137518882751464844e-02
1.141905784606933594e-02
1.209902763366699219e-02
1.176142692565917969e-02
1.291561126708984375e-02
1.393508911132812500e-02
1.155400276184082031e-02
1.075482368469238281e-02
1.134133338928222656e-02
1.016616821289062500e-02
1.131319999694824219e-02
1.120781898498535156e-02
1.423716545104980469e-02
1.445078849792480469e-02
1.396274566650390625e-02
1.372671127319335938e-02
1.899337768554687500e-02
1.177787780761718750e-02
1.372194290161132812e-02
1.204180717468261719e-02
1.304578781127929688e-02
1.214289665222167969e-02
1.125121116638183594e-02
1.095151901245117188e-02
1.204276084899902344e-02
1.256823539733886719e-02
1.412844657897949219e-02
1.159453392028808594e-02
1.135706901550292969e-02
1.053786277770996094e-02
1.243734359741210938e-02
1.052284240722656250e-02
1.155042648315429688e-02
1.964282989501953125e-02
1.325774192810058594e-02
1.267814636230468750e-02
1.287174224853515625e-02
1.024484634399414062e-02
1.371788978576660156e-02
1.234340667724609375e-02
1.123404502868652344e-02
1.151704788208007812e-02
1.480507850646972656e-02
1.160788536071777344e-02
1.528286933898925781e-02
1.465153694152832031e-02
1.244711875915527344e-02
1.753973960876464844e-02
1.289415359497070312e-02
1.004648208618164062e-02
1.252722740173339844e-02
1.156401634216308594e-02
1.305818557739257812e-02
1.274657249450683594e-02
1.713609695434570312e-02
1.763892173767089844e-02
1.370859146118164062e-02
1.456999778747558594e-02
1.295137405395507812e-02
1.601600646972656250e-02
1.608562469482421875e-02
1.062512397766113281e-02
1.501297950744628906e-02
1.158809661865234375e-02
1.673865318298339844e-02
1.271557807922363281e-02
1.399064064025878906e-02
1.282286643981933594e-02
1.140975952148437500e-02
1.117849349975585938e-02
1.433086395263671875e-02
1.063656806945800781e-02
1.278162002563476562e-02
1.183319091796875000e-02
1.286935806274414062e-02
1.591110229492187500e-02
1.597762107849121094e-02
1.383590698242187500e-02
1.100587844848632812e-02
1.105451583862304688e-02
1.255607604980468750e-02
1.392388343811035156e-02
1.248574256896972656e-02
1.108598709106445312e-02
1.278614997863769531e-02
1.159477233886718750e-02
1.359438896179199219e-02
1.126384735107421875e-02
1.347327232360839844e-02
1.516270637512207031e-02
2.248573303222656250e-02
1.229596138000488281e-02
1.123070716857910156e-02
1.165866851806640625e-02
1.364278793334960938e-02
1.135492324829101562e-02
1.206994056701660156e-02
1.201725006103515625e-02
1.338577270507812500e-02
1.104426383972167969e-02
1.252245903015136719e-02
1.146554946899414062e-02
1.199078559875488281e-02
1.084470748901367188e-02
1.374101638793945312e-02
1.091694831848144531e-02
1.228547096252441406e-02
1.090931892395019531e-02
1.821303367614746094e-02
1.444816589355468750e-02
1.489210128784179688e-02
1.123189926147460938e-02
1.274681091308593750e-02
1.406717300415039062e-02
1.629376411437988281e-02
1.354861259460449219e-02
1.398682594299316406e-02
1.477718353271484375e-02
1.251697540283203125e-02
1.166319847106933594e-02
1.215696334838867188e-02
1.031541824340820312e-02
1.309490203857421875e-02
1.082277297973632812e-02
1.179456710815429688e-02
1.060819625854492188e-02
1.156759262084960938e-02
9.911298751831054688e-03
1.052856445312500000e-02
1.086378097534179688e-02
1.112890243530273438e-02
1.081347465515136719e-02
1.135349273681640625e-02
1.325488090515136719e-02
1.886534690856933594e-02
1.511406898498535156e-02
1.349472999572753906e-02
1.145410537719726562e-02
1.244616508483886719e-02
1.139426231384277344e-02
1.164174079895019531e-02
1.112294197082519531e-02
1.330327987670898438e-02
1.030373573303222656e-02
1.030755043029785156e-02
1.029825210571289062e-02
1.299333572387695312e-02
1.040244102478027344e-02
1.069974899291992188e-02
1.083016395568847656e-02
1.243257522583007812e-02
1.190781593322753906e-02
1.651334762573242188e-02
1.062703132629394531e-02
1.225876808166503906e-02
1.055741310119628906e-02
1.229953765869140625e-02
1.163864135742187500e-02
1.322460174560546875e-02
1.294803619384765625e-02
1.485848426818847656e-02
1.178193092346191406e-02
1.162576675415039062e-02
1.225614547729492188e-02
1.412224769592285156e-02
1.488184928894042969e-02
1.156353950500488281e-02
1.569890975952148438e-02
1.596021652221679688e-02
1.698231697082519531e-02
1.077771186828613281e-02
1.039838790893554688e-02
1.179075241088867188e-02
1.297354698181152344e-02
1.127314567565917969e-02
9.855747222900390625e-03
1.193785667419433594e-02
1.155853271484375000e-02
1.203989982604980469e-02
1.106595993041992188e-02
1.206445693969726562e-02
1.227712631225585938e-02
1.255035400390625000e-02
1.105904579162597656e-02
1.170611381530761719e-02
1.042103767395019531e-02
1.352787017822265625e-02
1.190876960754394531e-02
9.646415710449218750e-03
1.139116287231445312e-02
1.296901702880859375e-02
1.002883911132812500e-02
1.482844352722167969e-02
1.035046577453613281e-02
