2.544927597045898438e-02
1.649117469787597656e-02
1.361179351806640625e-02
1.298952102661132812e-02
2.010583877563476562e-02
1.256847381591796875e-02
1.240682601928710938e-02
1.262879371643066406e-02
1.407694816589355469e-02
1.293873786926269531e-02
1.791477203369140625e-02
1.252746582031250000e-02
1.319575309753417969e-02
1.286768913269042969e-02
1.418781280517578125e-02
1.369500160217285156e-02
1.365208625793457031e-02
1.155304908752441406e-02
1.210284233093261719e-02
1.106977462768554688e-02
1.183772087097167969e-02
1.114726066589355469e-02
1.746702194213867188e-02
1.218080520629882812e-02
1.403212547302246094e-02
1.205897331237792969e-02
1.186251640319824219e-02
1.131653785705566406e-02
1.181149482727050781e-02
1.141619682312011719e-02
1.275825500488281250e-02
1.127910614013671875e-02
1.453471183776855469e-02
1.179528236389160156e-02
1.292777061462402344e-02
1.171350479125976562e-02
1.215958595275878906e-02
1.141047477722167969e-02
1.414132118225097656e-02
1.474833488464355469e-02
1.511001586914062500e-02
1.207232475280761719e-02
1.266026496887207031e-02
1.285338401794433594e-02
1.435399055480957031e-02
1.293706893920898438e-02
1.622557640075683594e-02
1.615285873413085938e-02
1.776337623596191406e-02
1.290130615234375000e-02
1.295042037963867188e-02
1.162958145141601562e-02
1.216840744018554688e-02
1.275706291198730469e-02
1.548004150390625000e-02
1.147675514221191406e-02
1.296401023864746094e-02
1.251864433288574219e-02
1.275086402893066406e-02
1.082038879394531250e-02
1.893949508666992188e-02
1.203155517578125000e-02
1.511693000793457031e-02
1.409077644348144531e-02
1.508665084838867188e-02
1.311492919921875000e-02
1.356482505798339844e-02
1.055812835693359375e-02
1.385402679443359375e-02
1.246738433837890625e-02
1.227712631225585938e-02
1.169657707214355469e-02
1.250362396240234375e-02
1.228284835815429688e-02
1.434254646301269531e-02
1.064419746398925781e-02
1.193928718566894531e-02
1.092410087585449219e-02
1.258158683776855469e-02
1.244759559631347656e-02
1.249265670776367188e-02
1.264810562133789062e-02
1.162743568420410156e-02
1.133537292480468750e-02
1.459479331970214844e-02
1.175355911254882812e-02
1.309299468994140625e-02
1.265954971313476562e-02
1.705312728881835938e-02
1.356101036071777344e-02
1.460361480712890625e-02
1.176929473876953125e-02
1.322674751281738281e-02
1.357698440551757812e-02
1.368689537048339844e-02
1.225614547729492188e-02
1.195192337036132812e-02
1.440882682800292969e-02
1.291418075561523438e-02
1.325440406799316406e-02
1.348900794982910156e-02
1.311564445495605469e-02
1.241517066955566406e-02
1.223111152648925781e-02
1.153707504272460938e-02
1.136469841003417969e-02
1.220154762268066406e-02
1.143169403076171875e-02
1.198005676269531250e-02
1.197838783264160156e-02
1.231098175048828125e-02
1.149272918701171875e-02
1.332879066467285156e-02
1.236796379089355469e-02
1.141858100891113281e-02
1.225399971008300781e-02
1.373052597045898438e-02
1.334977149963378906e-02
1.339244842529296875e-02
1.144194602966308594e-02
1.311516761779785156e-02
1.213288307189941406e-02
1.226019859313964844e-02
1.261067390441894531e-02
1.275205612182617188e-02
1.132035255432128906e-02
1.206803321838378906e-02
1.107549667358398438e-02
1.201701164245605469e-02
1.122498512268066406e-02
1.144242286682128906e-02
1.271986961364746094e-02
1.327633857727050781e-02
1.278710365295410156e-02
1.265692710876464844e-02
1.676964759826660156e-02
1.338863372802734375e-02
1.179361343383789062e-02
6.537294387817382812e-02
1.478505134582519531e-02
1.298642158508300781e-02
1.240682601928710938e-02
1.220393180847167969e-02
1.396679878234863281e-02
1.321387290954589844e-02
1.259040832519531250e-02
1.431655883789062500e-02
1.489853858947753906e-02
1.177549362182617188e-02
1.363301277160644531e-02
1.145529747009277344e-02
1.310753822326660156e-02
1.112914085388183594e-02
1.391124725341796875e-02
1.084971427917480469e-02
1.120686531066894531e-02
1.301503181457519531e-02
1.728415489196777344e-02
1.158905029296875000e-02
1.654481887817382812e-02
1.327109336853027344e-02
1.599264144897460938e-02
1.114726066589355469e-02
1.229548454284667969e-02
1.141500473022460938e-02
1.208686828613281250e-02
1.669669151306152344e-02
1.345682144165039062e-02
1.211333274841308594e-02
1.348161697387695312e-02
1.641368865966796875e-02
1.195645332336425781e-02
1.508426666259765625e-02
1.767897605895996094e-02
1.321125030517578125e-02
1.224946975708007812e-02
1.143527030944824219e-02
1.344609260559082031e-02
1.240801811218261719e-02
1.405310630798339844e-02
1.454091072082519531e-02
1.543927192687988281e-02
1.035189628601074219e-02
1.254653930664062500e-02
1.182937622070312500e-02
1.471710205078125000e-02
1.165533065795898438e-02
1.187944412231445312e-02
1.173520088195800781e-02
1.224517822265625000e-02
1.155924797058105469e-02
1.726555824279785156e-02
1.397395133972167969e-02
1.339006423950195312e-02
1.070046424865722656e-02
1.176404953002929688e-02
1.223134994506835938e-02
1.231312751770019531e-02
1.078462600708007812e-02
1.269841194152832031e-02
1.618790626525878906e-02
1.046442985534667969e-02
1.080703735351562500e-02
1.192212104797363281e-02
1.158785820007324219e-02
1.690936088562011719e-02
1.144576072692871094e-02
1.199197769165039062e-02
1.347351074218750000e-02
1.349091529846191406e-02
1.185894012451171875e-02
1.423001289367675781e-02
1.263332366943359375e-02
1.168465614318847656e-02
1.230239868164062500e-02
1.542854309082031250e-02
1.283288002014160156e-02
1.268076896667480469e-02
1.194667816162109375e-02
1.253318786621093750e-02
1.132249832153320312e-02
