9.932017326354980469e-02
7.798528671264648438e-02
6.553244590759277344e-02
7.635903358459472656e-02
8.647847175598144531e-02
8.529973030090332031e-02
8.362102508544921875e-02
3.314912319183349609e-01
6.575918197631835938e-02
7.520890235900878906e-02
8.891439437866210938e-02
8.163547515869140625e-02
1.049003601074218750e-01
9.391474723815917969e-02
9.899282455444335938e-02
8.958649635314941406e-02
8.645439147949218750e-02
8.311414718627929688e-02
7.399296760559082031e-02
7.269597053527832031e-02
6.946468353271484375e-02
8.330941200256347656e-02
7.931518554687500000e-02
8.818864822387695312e-02
1.021242141723632812e-01
7.897377014160156250e-02
7.427716255187988281e-02
7.350945472717285156e-02
6.559181213378906250e-02
7.154750823974609375e-02
9.568381309509277344e-02
7.956266403198242188e-02
1.142249107360839844e-01
8.815002441406250000e-02
8.176541328430175781e-02
7.847976684570312500e-02
7.785630226135253906e-02
7.171130180358886719e-02
9.113740921020507812e-02
7.793784141540527344e-02
8.173394203186035156e-02
7.378244400024414062e-02
7.667851448059082031e-02
1.064291000366210938e-01
1.010353565216064453e-01
1.097803115844726562e-01
3.169245719909667969e-01
1.053836345672607422e-01
1.146254539489746094e-01
7.429194450378417969e-02
7.192564010620117188e-02
7.360219955444335938e-02
7.579541206359863281e-02
1.046254634857177734e-01
8.797287940979003906e-02
7.750034332275390625e-02
7.611393928527832031e-02
1.097130775451660156e-01
7.450461387634277344e-02
6.819391250610351562e-02
1.061618328094482422e-01
3.481259346008300781e-01
1.046860218048095703e-01
1.090509891510009766e-01
7.152700424194335938e-02
6.856131553649902344e-02
9.094285964965820312e-02
6.541109085083007812e-02
7.457733154296875000e-02
1.006460189819335938e-01
6.544208526611328125e-02
8.789348602294921875e-02
7.331061363220214844e-02
6.993746757507324219e-02
6.900644302368164062e-02
5.351114273071289062e-02
5.758547782897949219e-02
8.003902435302734375e-02
9.195709228515625000e-02
9.148406982421875000e-02
7.913064956665039062e-02
9.877753257751464844e-02
6.451916694641113281e-02
1.520249843597412109e-01
8.701419830322265625e-02
7.283449172973632812e-02
3.333833217620849609e-01
1.076676845550537109e-01
5.994486808776855469e-02
1.050672531127929688e-01
9.200358390808105469e-02
8.463382720947265625e-02
9.311270713806152344e-02
3.579258918762207031e-01
1.145989894866943359e-01
8.082532882690429688e-02
1.506249904632568359e-01
1.033711433410644531e-01
8.612799644470214844e-02
1.059346199035644531e-01
1.014664173126220703e-01
1.070482730865478516e-01
7.184100151062011719e-02
9.100770950317382812e-02
7.385540008544921875e-02
6.954002380371093750e-02
7.376313209533691406e-02
6.815624237060546875e-02
7.048058509826660156e-02
8.457159996032714844e-02
7.840299606323242188e-02
9.448337554931640625e-02
8.451437950134277344e-02
7.955718040466308594e-02
7.200765609741210938e-02
9.692573547363281250e-02
1.296203136444091797e-01
1.079041957855224609e-01
8.041691780090332031e-02
6.752872467041015625e-02
1.074478626251220703e-01
7.889914512634277344e-02
6.852960586547851562e-02
7.141113281250000000e-02
7.152152061462402344e-02
7.203316688537597656e-02
7.578444480895996094e-02
6.583881378173828125e-02
6.526350975036621094e-02
6.761050224304199219e-02
6.552481651306152344e-02
9.888529777526855469e-02
6.419563293457031250e-02
7.840180397033691406e-02
7.184576988220214844e-02
1.006708145141601562e-01
6.757712364196777344e-02
9.530568122863769531e-02
7.067060470581054688e-02
8.050274848937988281e-02
7.986235618591308594e-02
8.961248397827148438e-02
1.005644798278808594e-01
1.091401576995849609e-01
1.179487705230712891e-01
1.021041870117187500e-01
8.908820152282714844e-02
8.308172225952148438e-02
7.842111587524414062e-02
1.125679016113281250e-01
9.097957611083984375e-02
9.241318702697753906e-02
7.791709899902343750e-02
8.267641067504882812e-02
6.378245353698730469e-02
7.515239715576171875e-02
3.255405426025390625e-01
3.260869979858398438e-01
7.706546783447265625e-02
7.915854454040527344e-02
1.146106719970703125e-01
1.164422035217285156e-01
6.797790527343750000e-02
7.399034500122070312e-02
6.944632530212402344e-02
7.975077629089355469e-02
7.210159301757812500e-02
6.730747222900390625e-02
2.884552478790283203e-01
9.543371200561523438e-02
6.733322143554687500e-02
6.028676033020019531e-02
7.510495185852050781e-02
8.898305892944335938e-02
6.955170631408691406e-02
7.066297531127929688e-02
7.685804367065429688e-02
9.141373634338378906e-02
3.098053932189941406e-01
3.321764469146728516e-01
7.708477973937988281e-02
1.118984222412109375e-01
6.103372573852539062e-02
7.472491264343261719e-02
7.380032539367675781e-02
8.352828025817871094e-02
8.690857887268066406e-02
6.628227233886718750e-02
7.769060134887695312e-02
7.588458061218261719e-02
7.567238807678222656e-02
9.169530868530273438e-02
8.070087432861328125e-02
9.550380706787109375e-02
7.346224784851074219e-02
7.953166961669921875e-02
6.923079490661621094e-02
7.834267616271972656e-02
7.550358772277832031e-02
6.977319717407226562e-02
2.811124324798583984e-01
5.539083480834960938e-02
6.132602691650390625e-02
7.167148590087890625e-02
7.804369926452636719e-02
8.142900466918945312e-02
6.851434707641601562e-02
6.914567947387695312e-02
9.706902503967285156e-02
7.333421707153320312e-02
9.537243843078613281e-02
8.508229255676269531e-02
6.603646278381347656e-02
8.152651786804199219e-02
3.356831073760986328e-01
6.071186065673828125e-02
9.222245216369628906e-02
8.299970626831054688e-02
6.442546844482421875e-02
8.274102210998535156e-02
8.108544349670410156e-02
