2.736485004425048828e-01
1.993272304534912109e-01
1.932010650634765625e-01
2.219851016998291016e-01
2.235269546508789062e-01
2.583570480346679688e-01
2.017481327056884766e-01
2.439916133880615234e-01
1.791536808013916016e-01
2.562556266784667969e-01
2.307431697845458984e-01
2.628753185272216797e-01
2.434289455413818359e-01
2.659142017364501953e-01
2.317266464233398438e-01
2.617828845977783203e-01
2.772884368896484375e-01
2.044179439544677734e-01
1.753191947937011719e-01
2.430629730224609375e-01
1.724135875701904297e-01
2.582478523254394531e-01
1.988320350646972656e-01
2.347345352172851562e-01
2.177209854125976562e-01
2.551445960998535156e-01
1.888320446014404297e-01
2.370433807373046875e-01
1.710932254791259766e-01
2.119903564453125000e-01
2.686679363250732422e-01
1.861190795898437500e-01
3.294367790222167969e-01
2.480616569519042969e-01
2.482800483703613281e-01
2.501587867736816406e-01
1.862864494323730469e-01
2.444424629211425781e-01
2.273309230804443359e-01
2.436764240264892578e-01
1.994471549987792969e-01
2.498223781585693359e-01
1.933841705322265625e-01
3.019766807556152344e-01
2.587120532989501953e-01
3.112368583679199219e-01
3.185777664184570312e-01
2.953743934631347656e-01
3.206436634063720703e-01
2.134442329406738281e-01
2.337288856506347656e-01
2.001476287841796875e-01
2.507262229919433594e-01
3.324525356292724609e-01
2.416474819183349609e-01
2.785255908966064453e-01
2.088322639465332031e-01
3.496994972229003906e-01
1.929841041564941406e-01
2.111327648162841797e-01
2.572283744812011719e-01
2.772984504699707031e-01
3.076777458190917969e-01
2.459471225738525391e-01
2.239696979522705078e-01
1.818523406982421875e-01
2.995223999023437500e-01
1.615443229675292969e-01
2.475404739379882812e-01
2.217006683349609375e-01
2.243552207946777344e-01
2.383205890655517578e-01
2.623600959777832031e-01
1.906309127807617188e-01
1.881744861602783203e-01
1.823129653930664062e-01
1.774969100952148438e-01
2.306175231933593750e-01
2.350616455078125000e-01
2.634735107421875000e-01
2.013592720031738281e-01
3.154168128967285156e-01
1.656320095062255859e-01
2.559454441070556641e-01
2.232720851898193359e-01
2.336158752441406250e-01
2.201604843139648438e-01
2.999315261840820312e-01
1.640446186065673828e-01
3.278093338012695312e-01
2.274777889251708984e-01
2.541346549987792969e-01
2.569339275360107422e-01
2.622344493865966797e-01
3.234419822692871094e-01
2.060194015502929688e-01
2.079808712005615234e-01
2.741792201995849609e-01
2.537019252777099609e-01
3.017773628234863281e-01
2.646372318267822266e-01
3.055107593536376953e-01
2.020235061645507812e-01
2.511308193206787109e-01
1.799917221069335938e-01
2.333304882049560547e-01
1.992602348327636719e-01
2.137482166290283203e-01
1.877093315124511719e-01
2.723031044006347656e-01
2.044405937194824219e-01
2.702097892761230469e-01
1.997687816619873047e-01
2.601218223571777344e-01
1.783595085144042969e-01
2.942876815795898438e-01
2.829759120941162109e-01
3.157455921173095703e-01
1.812546253204345703e-01
2.236757278442382812e-01
2.388927936553955078e-01
2.315361499786376953e-01
1.921529769897460938e-01
2.446570396423339844e-01
1.778984069824218750e-01
2.496209144592285156e-01
1.705446243286132812e-01
1.737444400787353516e-01
2.062466144561767578e-01
1.817219257354736328e-01
2.061891555786132812e-01
2.478921413421630859e-01
2.076268196105957031e-01
1.804873943328857422e-01
1.453406810760498047e-01
3.036403656005859375e-01
2.005944252014160156e-01
2.669560909271240234e-01
1.708419322967529297e-01
2.282528877258300781e-01
2.065885066986083984e-01
2.420067787170410156e-01
2.599084377288818359e-01
3.037278652191162109e-01
3.213703632354736328e-01
2.189919948577880859e-01
2.634038925170898438e-01
2.202594280242919922e-01
2.195022106170654297e-01
2.793304920196533203e-01
2.284262180328369141e-01
2.811901569366455078e-01
1.807324886322021484e-01
1.756150722503662109e-01
2.129518985748291016e-01
1.633636951446533203e-01
2.097804546356201172e-01
2.267105579376220703e-01
2.029194831848144531e-01
2.296757698059082031e-01
2.594347000122070312e-01
3.260195255279541016e-01
2.263860702514648438e-01
2.016770839691162109e-01
1.853134632110595703e-01
2.323205471038818359e-01
1.872897148132324219e-01
1.973955631256103516e-01
2.074947357177734375e-01
2.891685962677001953e-01
1.744015216827392578e-01
1.314382553100585938e-01
2.279114723205566406e-01
2.394130229949951172e-01
2.136859893798828125e-01
1.558737754821777344e-01
2.346663475036621094e-01
2.800033092498779297e-01
2.905638217926025391e-01
1.906023025512695312e-01
2.369952201843261719e-01
2.541358470916748047e-01
1.398229598999023438e-01
2.346429824829101562e-01
1.709673404693603516e-01
2.712528705596923828e-01
2.148659229278564453e-01
2.095949649810791016e-01
2.133064270019531250e-01
2.537112236022949219e-01
1.830067634582519531e-01
2.449176311492919922e-01
2.169878482818603516e-01
2.996397018432617188e-01
2.031693458557128906e-01
2.449674606323242188e-01
1.863369941711425781e-01
2.302136421203613281e-01
1.804699897766113281e-01
1.543743610382080078e-01
2.507638931274414062e-01
1.582782268524169922e-01
1.688017845153808594e-01
1.985893249511718750e-01
1.895523071289062500e-01
2.373063564300537109e-01
1.778914928436279297e-01
1.523010730743408203e-01
2.575366497039794922e-01
1.718602180480957031e-01
2.869100570678710938e-01
2.187690734863281250e-01
2.403829097747802734e-01
2.130205631256103516e-01
2.722744941711425781e-01
1.750056743621826172e-01
2.746021747589111328e-01
1.975681781768798828e-01
1.605494022369384766e-01
2.412025928497314453e-01
2.225308418273925781e-01
