2.567100524902343750e-02
2.073860168457031250e-02
2.164721488952636719e-02
2.655577659606933594e-02
1.965045928955078125e-02
2.030301094055175781e-02
1.986336708068847656e-02
1.873469352722167969e-02
2.175569534301757812e-02
2.337551116943359375e-02
2.013063430786132812e-02
2.050471305847167969e-02
1.975703239440917969e-02
2.218770980834960938e-02
2.072024345397949219e-02
2.063441276550292969e-02
2.000665664672851562e-02
2.005791664123535156e-02
1.879787445068359375e-02
1.807641983032226562e-02
2.003479003906250000e-02
1.933050155639648438e-02
1.993513107299804688e-02
1.826405525207519531e-02
1.900959014892578125e-02
2.322363853454589844e-02
1.895570755004882812e-02
2.063941955566406250e-02
1.786279678344726562e-02
2.188277244567871094e-02
1.964211463928222656e-02
2.214169502258300781e-02
2.239656448364257812e-02
1.927328109741210938e-02
2.496337890625000000e-02
1.900577545166015625e-02
1.908063888549804688e-02
2.213072776794433594e-02
2.026534080505371094e-02
1.862549781799316406e-02
1.832222938537597656e-02
2.059030532836914062e-02
1.857876777648925781e-02
1.962280273437500000e-02
1.894903182983398438e-02
2.069592475891113281e-02
2.122592926025390625e-02
2.105093002319335938e-02
2.123832702636718750e-02
1.812791824340820312e-02
1.876568794250488281e-02
2.287316322326660156e-02
2.167963981628417969e-02
1.985287666320800781e-02
1.999115943908691406e-02
1.978707313537597656e-02
1.780104637145996094e-02
2.055263519287109375e-02
1.956534385681152344e-02
2.237796783447265625e-02
2.139306068420410156e-02
2.058672904968261719e-02
2.042150497436523438e-02
1.988649368286132812e-02
1.855540275573730469e-02
1.861953735351562500e-02
1.969242095947265625e-02
1.806664466857910156e-02
1.890945434570312500e-02
1.972699165344238281e-02
1.825737953186035156e-02
2.461171150207519531e-02
1.891684532165527344e-02
1.874399185180664062e-02
2.451181411743164062e-02
1.905512809753417969e-02
2.048945426940917969e-02
1.949548721313476562e-02
1.957774162292480469e-02
1.952362060546875000e-02
1.863002777099609375e-02
2.013516426086425781e-02
1.771306991577148438e-02
2.243781089782714844e-02
2.077889442443847656e-02
1.953005790710449219e-02
1.960539817810058594e-02
2.022576332092285156e-02
1.919674873352050781e-02
1.973557472229003906e-02
1.973438262939453125e-02
1.972007751464843750e-02
1.932668685913085938e-02
2.087092399597167969e-02
2.105569839477539062e-02
2.117729187011718750e-02
1.961398124694824219e-02
2.440762519836425781e-02
2.023220062255859375e-02
1.966190338134765625e-02
2.157878875732421875e-02
2.564239501953125000e-02
2.273797988891601562e-02
1.944994926452636719e-02
1.863980293273925781e-02
1.814150810241699219e-02
1.908636093139648438e-02
1.855945587158203125e-02
1.929116249084472656e-02
1.969957351684570312e-02
2.070999145507812500e-02
2.002787590026855469e-02
1.972508430480957031e-02
1.883435249328613281e-02
1.874470710754394531e-02
2.007031440734863281e-02
2.140903472900390625e-02
2.061486244201660156e-02
1.911425590515136719e-02
1.820015907287597656e-02
2.060222625732421875e-02
2.024435997009277344e-02
1.826763153076171875e-02
1.954936981201171875e-02
1.729249954223632812e-02
1.937556266784667969e-02
1.862907409667968750e-02
1.955628395080566406e-02
1.961565017700195312e-02
1.827383041381835938e-02
1.869082450866699219e-02
2.008390426635742188e-02
1.829838752746582031e-02
1.875209808349609375e-02
1.854276657104492188e-02
2.492451667785644531e-02
1.901674270629882812e-02
1.890063285827636719e-02
1.896071434020996094e-02
1.777005195617675781e-02
1.976966857910156250e-02
2.005290985107421875e-02
2.427315711975097656e-02
2.344751358032226562e-02
1.952648162841796875e-02
2.000856399536132812e-02
2.273130416870117188e-02
1.950001716613769531e-02
1.899290084838867188e-02
2.052760124206542969e-02
1.897430419921875000e-02
2.516603469848632812e-02
1.909041404724121094e-02
1.798725128173828125e-02
1.717519760131835938e-02
2.070903778076171875e-02
1.996159553527832031e-02
2.088713645935058594e-02
1.941943168640136719e-02
1.819920539855957031e-02
2.015924453735351562e-02
2.025723457336425781e-02
1.876688003540039062e-02
2.060627937316894531e-02
1.833128929138183594e-02
2.004718780517578125e-02
1.895380020141601562e-02
1.889085769653320312e-02
1.937818527221679688e-02
1.896762847900390625e-02
1.957583427429199219e-02
1.823019981384277344e-02
2.109336853027343750e-02
1.961207389831542969e-02
1.848983764648437500e-02
1.957798004150390625e-02
1.857209205627441406e-02
2.030873298645019531e-02
2.265715599060058594e-02
1.737213134765625000e-02
2.155709266662597656e-02
1.925826072692871094e-02
1.730990409851074219e-02
1.944184303283691406e-02
2.075052261352539062e-02
2.020692825317382812e-02
1.929283142089843750e-02
1.977705955505371094e-02
1.925206184387207031e-02
1.940464973449707031e-02
2.113795280456542969e-02
1.906085014343261719e-02
1.889514923095703125e-02
2.050542831420898438e-02
1.966738700866699219e-02
2.000236511230468750e-02
2.300691604614257812e-02
1.950335502624511719e-02
1.946043968200683594e-02
1.697182655334472656e-02
1.975035667419433594e-02
1.863574981689453125e-02
1.906061172485351562e-02
1.922369003295898438e-02
1.829457283020019531e-02
1.831579208374023438e-02
1.911830902099609375e-02
1.783847808837890625e-02
1.999926567077636719e-02
1.700186729431152344e-02
2.025413513183593750e-02
1.951742172241210938e-02
2.101445198059082031e-02
2.322864532470703125e-02
1.884341239929199219e-02
2.322983741760253906e-02
2.017188072204589844e-02
1.959824562072753906e-02
1.752328872680664062e-02
1.911282539367675781e-02
1.816916465759277344e-02
