2.311563491821289062e-02
1.891183853149414062e-02
2.654552459716796875e-02
1.981210708618164062e-02
2.018618583679199219e-02
1.834297180175781250e-02
2.000427246093750000e-02
2.072238922119140625e-02
1.900410652160644531e-02
2.048492431640625000e-02
1.888084411621093750e-02
1.921892166137695312e-02
1.947784423828125000e-02
2.481245994567871094e-02
1.887273788452148438e-02
1.936888694763183594e-02
2.239179611206054688e-02
2.129960060119628906e-02
2.340269088745117188e-02
1.910829544067382812e-02
1.879429817199707031e-02
1.926994323730468750e-02
1.799941062927246094e-02
1.904821395874023438e-02
2.191805839538574219e-02
1.992011070251464844e-02
2.061200141906738281e-02
2.136564254760742188e-02
1.966786384582519531e-02
1.794862747192382812e-02
2.023482322692871094e-02
2.345991134643554688e-02
2.061390876770019531e-02
1.871848106384277344e-02
2.047300338745117188e-02
1.952958106994628906e-02
1.828050613403320312e-02
2.080655097961425781e-02
2.030706405639648438e-02
2.088141441345214844e-02
1.992821693420410156e-02
1.924538612365722656e-02
1.947593688964843750e-02
1.984143257141113281e-02
1.933860778808593750e-02
2.416396141052246094e-02
2.236652374267578125e-02
1.984858512878417969e-02
2.366423606872558594e-02
1.918387413024902344e-02
1.892805099487304688e-02
1.989603042602539062e-02
1.873278617858886719e-02
2.227616310119628906e-02
1.909399032592773438e-02
2.197790145874023438e-02
1.945996284484863281e-02
2.116084098815917969e-02
1.993918418884277344e-02
1.784515380859375000e-02
2.180981636047363281e-02
1.915216445922851562e-02
2.407121658325195312e-02
2.064228057861328125e-02
1.823806762695312500e-02
1.944494247436523438e-02
1.962709426879882812e-02
2.105784416198730469e-02
1.905584335327148438e-02
1.929974555969238281e-02
1.961326599121093750e-02
1.912093162536621094e-02
1.983690261840820312e-02
1.853704452514648438e-02
2.182245254516601562e-02
1.795101165771484375e-02
1.862907409667968750e-02
1.899123191833496094e-02
1.929044723510742188e-02
1.978397369384765625e-02
1.792478561401367188e-02
2.261900901794433594e-02
2.107930183410644531e-02
2.250432968139648438e-02
2.271485328674316406e-02
1.806950569152832031e-02
1.990675926208496094e-02
2.411508560180664062e-02
1.838874816894531250e-02
2.092242240905761719e-02
1.950860023498535156e-02
2.014112472534179688e-02
2.129364013671875000e-02
2.051186561584472656e-02
2.021765708923339844e-02
1.953005790710449219e-02
1.743459701538085938e-02
2.209615707397460938e-02
1.983308792114257812e-02
2.195501327514648438e-02
2.073097229003906250e-02
2.238154411315917969e-02
1.886105537414550781e-02
1.958847045898437500e-02
1.923918724060058594e-02
1.811242103576660156e-02
1.940679550170898438e-02
1.917457580566406250e-02
1.878166198730468750e-02
1.935100555419921875e-02
1.904773712158203125e-02
1.991081237792968750e-02
1.981425285339355469e-02
2.141976356506347656e-02
1.857972145080566406e-02
1.954412460327148438e-02
2.242875099182128906e-02
2.316665649414062500e-02
2.029824256896972656e-02
1.888680458068847656e-02
1.958489418029785156e-02
2.066969871520996094e-02
1.950097084045410156e-02
2.262735366821289062e-02
2.143979072570800781e-02
2.184820175170898438e-02
1.929521560668945312e-02
1.873469352722167969e-02
1.974153518676757812e-02
2.229785919189453125e-02
1.815319061279296875e-02
2.011084556579589844e-02
2.032780647277832031e-02
2.379274368286132812e-02
1.824164390563964844e-02
2.035641670227050781e-02
1.834630966186523438e-02
1.914954185485839844e-02
1.921629905700683594e-02
2.473592758178710938e-02
2.046918869018554688e-02
2.064228057861328125e-02
1.982784271240234375e-02
2.060341835021972656e-02
2.105474472045898438e-02
1.966857910156250000e-02
1.943659782409667969e-02
1.925778388977050781e-02
1.885485649108886719e-02
2.048039436340332031e-02
1.869320869445800781e-02
1.982450485229492188e-02
1.892900466918945312e-02
1.730728149414062500e-02
1.825594902038574219e-02
1.796340942382812500e-02
1.955342292785644531e-02
1.814222335815429688e-02
1.899814605712890625e-02
1.940798759460449219e-02
1.861667633056640625e-02
2.461600303649902344e-02
1.919698715209960938e-02
1.941490173339843750e-02
1.859116554260253906e-02
1.854205131530761719e-02
1.860404014587402344e-02
1.946139335632324219e-02
2.320575714111328125e-02
2.021193504333496094e-02
2.030611038208007812e-02
1.835536956787109375e-02
1.831722259521484375e-02
2.396726608276367188e-02
2.494812011718750000e-02
1.753926277160644531e-02
1.926636695861816406e-02
2.082300186157226562e-02
1.952242851257324219e-02
1.935672760009765625e-02
1.928210258483886719e-02
2.078962326049804688e-02
1.737546920776367188e-02
1.948881149291992188e-02
1.806735992431640625e-02
1.900124549865722656e-02
1.931309700012207031e-02
1.819562911987304688e-02
2.450919151306152344e-02
2.089858055114746094e-02
1.768517494201660156e-02
1.924061775207519531e-02
1.999926567077636719e-02
1.978683471679687500e-02
1.910018920898437500e-02
1.799559593200683594e-02
1.838183403015136719e-02
1.827740669250488281e-02
1.930618286132812500e-02
2.080059051513671875e-02
1.851058006286621094e-02
1.999449729919433594e-02
1.887822151184082031e-02
1.869940757751464844e-02
1.859569549560546875e-02
1.752758026123046875e-02
2.391529083251953125e-02
1.666784286499023438e-02
2.013993263244628906e-02
1.843667030334472656e-02
1.844406127929687500e-02
1.943135261535644531e-02
1.866912841796875000e-02
1.865792274475097656e-02
1.940083503723144531e-02
1.851081848144531250e-02
2.361845970153808594e-02
2.094030380249023438e-02
2.521228790283203125e-02
2.157187461853027344e-02
1.840591430664062500e-02
