1.794662475585937500e-01
1.992521286010742188e-01
1.415951251983642578e-01
1.531770229339599609e-01
2.138698101043701172e-01
1.652331352233886719e-01
1.570007801055908203e-01
1.910073757171630859e-01
1.444530487060546875e-01
1.680073738098144531e-01
2.051258087158203125e-01
1.612958908081054688e-01
1.883821487426757812e-01
2.196009159088134766e-01
1.954536437988281250e-01
2.149176597595214844e-01
1.782283782958984375e-01
1.801598072052001953e-01
1.923398971557617188e-01
1.449449062347412109e-01
1.511745452880859375e-01
1.837918758392333984e-01
1.998808383941650391e-01
1.636302471160888672e-01
1.853818893432617188e-01
2.013046741485595703e-01
1.575360298156738281e-01
1.506569385528564453e-01
1.931149959564208984e-01
1.754601001739501953e-01
1.811406612396240234e-01
1.948716640472412109e-01
2.303974628448486328e-01
1.847159862518310547e-01
2.216484546661376953e-01
1.637721061706542969e-01
1.626112461090087891e-01
1.890494823455810547e-01
1.848959922790527344e-01
1.573526859283447266e-01
1.840643882751464844e-01
1.541833877563476562e-01
1.667807102203369141e-01
2.680611610412597656e-01
1.907885074615478516e-01
2.550837993621826172e-01
2.204082012176513672e-01
2.651643753051757812e-01
2.162296772003173828e-01
1.573154926300048828e-01
1.936106681823730469e-01
1.471467018127441406e-01
1.507756710052490234e-01
2.680203914642333984e-01
1.868939399719238281e-01
2.197167873382568359e-01
1.450650691986083984e-01
2.071998119354248047e-01
1.896486282348632812e-01
1.541864871978759766e-01
2.101604938507080078e-01
2.176990509033203125e-01
2.018518447875976562e-01
2.585365772247314453e-01
1.442103385925292969e-01
1.313915252685546875e-01
2.467360496520996094e-01
1.305034160614013672e-01
1.443300247192382812e-01
1.889281272888183594e-01
1.811265945434570312e-01
1.740951538085937500e-01
1.469578742980957031e-01
1.875660419464111328e-01
1.504068374633789062e-01
1.185362339019775391e-01
1.747136116027832031e-01
1.595377922058105469e-01
1.769192218780517578e-01
2.164027690887451172e-01
1.614158153533935547e-01
2.065956592559814453e-01
1.603882312774658203e-01
1.661524772644042969e-01
1.728372573852539062e-01
1.788766384124755859e-01
1.803278923034667969e-01
2.273962497711181641e-01
1.667418479919433594e-01
2.065207958221435547e-01
2.178595066070556641e-01
1.772186756134033203e-01
1.765072345733642578e-01
2.631623744964599609e-01
2.188568115234375000e-01
2.090063095092773438e-01
1.421213150024414062e-01
2.128682136535644531e-01
2.045013904571533203e-01
2.012445926666259766e-01
2.408440113067626953e-01
2.149238586425781250e-01
1.442615985870361328e-01
2.029953002929687500e-01
1.351358890533447266e-01
1.570069789886474609e-01
1.979165077209472656e-01
1.349983215332031250e-01
1.383697986602783203e-01
1.810882091522216797e-01
1.951692104339599609e-01
1.825370788574218750e-01
1.690087318420410156e-01
2.057321071624755859e-01
1.409134864807128906e-01
1.969354152679443359e-01
2.469584941864013672e-01
2.151994705200195312e-01
1.787528991699218750e-01
1.376791000366210938e-01
1.880402565002441406e-01
2.020137310028076172e-01
1.404595375061035156e-01
1.546804904937744141e-01
1.880242824554443359e-01
1.552698612213134766e-01
1.594920158386230469e-01
1.519427299499511719e-01
1.761283874511718750e-01
1.542735099792480469e-01
1.276326179504394531e-01
2.430567741394042969e-01
1.365289688110351562e-01
1.532626152038574219e-01
1.793649196624755859e-01
2.136332988739013672e-01
1.538586616516113281e-01
2.424418926239013672e-01
1.458134651184082031e-01
1.468071937561035156e-01
2.130331993103027344e-01
1.694264411926269531e-01
2.072336673736572266e-01
2.736811637878417969e-01
2.099056243896484375e-01
2.210605144500732422e-01
1.620008945465087891e-01
1.690063476562500000e-01
1.773526668548583984e-01
2.157955169677734375e-01
1.746697425842285156e-01
2.216980457305908203e-01
1.438140869140625000e-01
1.518306732177734375e-01
1.753771305084228516e-01
1.394021511077880859e-01
1.533200740814208984e-01
1.989493370056152344e-01
1.542131900787353516e-01
1.443147659301757812e-01
2.656466960906982422e-01
2.185652256011962891e-01
1.505196094512939453e-01
2.052381038665771484e-01
1.522231101989746094e-01
1.612725257873535156e-01
1.829473972320556641e-01
1.386952400207519531e-01
1.668255329132080078e-01
2.320828437805175781e-01
1.402282714843750000e-01
1.241312026977539062e-01
1.325166225433349609e-01
2.161598205566406250e-01
1.354124546051025391e-01
1.383771896362304688e-01
2.042231559753417969e-01
1.903111934661865234e-01
2.477047443389892578e-01
1.681513786315917969e-01
1.629648208618164062e-01
2.494213581085205078e-01
1.197116374969482422e-01
1.618928909301757812e-01
2.111711502075195312e-01
1.566965579986572266e-01
1.731634140014648438e-01
1.348917484283447266e-01
2.022593021392822266e-01
1.625230312347412109e-01
1.405322551727294922e-01
2.135486602783203125e-01
1.597754955291748047e-01
2.339131832122802734e-01
1.487371921539306641e-01
1.660065650939941406e-01
1.452848911285400391e-01
1.956312656402587891e-01
1.506397724151611328e-01
1.301825046539306641e-01
2.026178836822509766e-01
1.216812133789062500e-01
1.269178390502929688e-01
1.432545185089111328e-01
1.871626377105712891e-01
1.738955974578857422e-01
1.402380466461181641e-01
1.804528236389160156e-01
1.920104026794433594e-01
1.389565467834472656e-01
2.196848392486572266e-01
1.691117286682128906e-01
1.406142711639404297e-01
1.952021121978759766e-01
1.685929298400878906e-01
1.228821277618408203e-01
2.176578044891357422e-01
1.404850482940673828e-01
1.288499832153320312e-01
2.162337303161621094e-01
1.834528446197509766e-01
