1.956868171691894531e-02
1.849412918090820312e-02
2.110838890075683594e-02
2.094364166259765625e-02
1.793360710144042969e-02
1.877617835998535156e-02
1.843905448913574219e-02
2.278637886047363281e-02
1.714801788330078125e-02
1.877737045288085938e-02
2.132940292358398438e-02
2.079415321350097656e-02
2.185344696044921875e-02
1.818394660949707031e-02
1.858735084533691406e-02
1.845264434814453125e-02
1.756215095520019531e-02
1.920366287231445312e-02
1.727032661437988281e-02
1.782631874084472656e-02
1.782131195068359375e-02
1.682424545288085938e-02
1.772189140319824219e-02
2.173542976379394531e-02
1.955199241638183594e-02
1.845192909240722656e-02
1.690220832824707031e-02
1.746678352355957031e-02
1.688098907470703125e-02
1.778340339660644531e-02
2.126836776733398438e-02
1.749253273010253906e-02
1.819300651550292969e-02
1.740550994873046875e-02
1.856589317321777344e-02
1.822280883789062500e-02
1.708364486694335938e-02
1.824593544006347656e-02
1.787519454956054688e-02
1.824736595153808594e-02
1.777005195617675781e-02
1.785469055175781250e-02
1.770663261413574219e-02
1.801848411560058594e-02
1.949238777160644531e-02
1.863980293273925781e-02
1.863384246826171875e-02
1.795530319213867188e-02
1.806092262268066406e-02
1.839590072631835938e-02
1.948165893554687500e-02
1.887178421020507812e-02
1.801490783691406250e-02
1.768922805786132812e-02
2.003669738769531250e-02
2.099657058715820312e-02
1.835346221923828125e-02
2.231979370117187500e-02
1.839852333068847656e-02
2.713894844055175781e-02
1.952195167541503906e-02
1.761460304260253906e-02
1.857852935791015625e-02
1.853442192077636719e-02
1.872801780700683594e-02
1.778149604797363281e-02
1.775908470153808594e-02
1.782751083374023438e-02
1.693153381347656250e-02
1.833653450012207031e-02
2.152442932128906250e-02
2.070093154907226562e-02
1.874303817749023438e-02
2.227282524108886719e-02
1.810503005981445312e-02
1.829361915588378906e-02
1.888322830200195312e-02
2.225708961486816406e-02
1.865792274475097656e-02
1.845526695251464844e-02
1.722574234008789062e-02
1.771163940429687500e-02
1.803851127624511719e-02
1.746654510498046875e-02
1.972270011901855469e-02
1.814794540405273438e-02
1.890134811401367188e-02
1.837801933288574219e-02
1.618957519531250000e-02
1.892137527465820312e-02
2.013731002807617188e-02
1.772189140319824219e-02
1.896142959594726562e-02
1.795578002929687500e-02
1.825618743896484375e-02
1.830339431762695312e-02
1.753067970275878906e-02
1.831889152526855469e-02
1.770305633544921875e-02
1.909947395324707031e-02
1.902842521667480469e-02
1.830554008483886719e-02
1.765537261962890625e-02
1.827740669250488281e-02
1.850008964538574219e-02
2.238678932189941406e-02
1.799750328063964844e-02
1.783847808837890625e-02
1.707601547241210938e-02
2.167916297912597656e-02
1.918005943298339844e-02
1.716899871826171875e-02
2.097892761230468750e-02
1.904082298278808594e-02
2.254128456115722656e-02
1.904559135437011719e-02
1.884460449218750000e-02
1.993012428283691406e-02
1.753520965576171875e-02
1.877593994140625000e-02
1.872515678405761719e-02
1.720929145812988281e-02
1.868295669555664062e-02
1.951193809509277344e-02
1.987552642822265625e-02
1.845693588256835938e-02
1.770424842834472656e-02
1.761198043823242188e-02
1.764130592346191406e-02
2.095174789428710938e-02
2.091312408447265625e-02
2.117919921875000000e-02
1.803541183471679688e-02
1.665616035461425781e-02
1.771044731140136719e-02
1.974821090698242188e-02
1.722311973571777344e-02
1.813220977783203125e-02
1.759314537048339844e-02
2.001571655273437500e-02
1.829981803894042969e-02
1.910185813903808594e-02
2.179837226867675781e-02
1.818513870239257812e-02
1.954722404479980469e-02
1.979899406433105469e-02
2.056884765625000000e-02
1.844120025634765625e-02
1.878499984741210938e-02
1.989936828613281250e-02
1.961994171142578125e-02
1.864218711853027344e-02
1.971602439880371094e-02
1.731920242309570312e-02
1.823663711547851562e-02
1.819944381713867188e-02
1.756596565246582031e-02
1.834774017333984375e-02
1.851820945739746094e-02
1.954388618469238281e-02
2.299213409423828125e-02
1.801609992980957031e-02
1.802754402160644531e-02
1.699757575988769531e-02
1.759219169616699219e-02
1.788687705993652344e-02
1.642584800720214844e-02
1.933407783508300781e-02
1.713180541992187500e-02
2.035021781921386719e-02
1.996064186096191406e-02
1.715731620788574219e-02
1.888442039489746094e-02
1.801562309265136719e-02
1.813435554504394531e-02
1.837730407714843750e-02
1.682448387145996094e-02
2.245974540710449219e-02
1.960277557373046875e-02
1.748514175415039062e-02
2.011418342590332031e-02
2.031183242797851562e-02
1.999163627624511719e-02
2.070951461791992188e-02
2.037239074707031250e-02
1.868152618408203125e-02
1.736712455749511719e-02
2.132868766784667969e-02
1.798105239868164062e-02
1.937675476074218750e-02
1.964187622070312500e-02
1.777291297912597656e-02
1.971459388732910156e-02
1.789855957031250000e-02
1.826190948486328125e-02
1.833319664001464844e-02
1.721835136413574219e-02
1.876544952392578125e-02
1.727247238159179688e-02
1.793742179870605469e-02
1.809906959533691406e-02
2.139115333557128906e-02
1.861166954040527344e-02
1.827454566955566406e-02
1.817607879638671875e-02
1.775312423706054688e-02
1.685166358947753906e-02
1.743912696838378906e-02
1.764130592346191406e-02
1.876211166381835938e-02
2.027630805969238281e-02
2.064442634582519531e-02
1.812577247619628906e-02
1.719141006469726562e-02
1.965475082397460938e-02
1.791286468505859375e-02
1.835298538208007812e-02
1.762199401855468750e-02
2.159357070922851562e-02
1.824712753295898438e-02
1.811957359313964844e-02
