3.292212486267089844e-01
8.661007881164550781e-02
6.680011749267578125e-02
7.384324073791503906e-02
8.280277252197265625e-02
8.432769775390625000e-02
8.292865753173828125e-02
8.586382865905761719e-02
6.606888771057128906e-02
8.232522010803222656e-02
7.633709907531738281e-02
7.756376266479492188e-02
9.894037246704101562e-02
8.652567863464355469e-02
1.019713878631591797e-01
8.872914314270019531e-02
2.940030097961425781e-01
9.082746505737304688e-02
6.921744346618652344e-02
7.124066352844238281e-02
7.126617431640625000e-02
8.658981323242187500e-02
8.196115493774414062e-02
8.164668083190917969e-02
3.309121131896972656e-01
7.853055000305175781e-02
3.226633071899414062e-01
3.182263374328613281e-01
7.594156265258789062e-02
7.410526275634765625e-02
3.330168724060058594e-01
7.114148139953613281e-02
1.129858493804931641e-01
8.613848686218261719e-02
8.122944831848144531e-02
7.498526573181152344e-02
7.991075515747070312e-02
7.098913192749023438e-02
1.028542518615722656e-01
8.232021331787109375e-02
7.580471038818359375e-02
7.453346252441406250e-02
7.264137268066406250e-02
1.008374691009521484e-01
9.347367286682128906e-02
1.149768829345703125e-01
1.183040142059326172e-01
1.113328933715820312e-01
1.125595569610595703e-01
8.378291130065917969e-02
8.341050148010253906e-02
8.167052268981933594e-02
7.694768905639648438e-02
1.086983680725097656e-01
8.872032165527343750e-02
8.191204071044921875e-02
7.482457160949707031e-02
1.131362915039062500e-01
7.710742950439453125e-02
3.160591125488281250e-01
1.129369735717773438e-01
9.313011169433593750e-02
1.078438758850097656e-01
9.535765647888183594e-02
7.496380805969238281e-02
7.636976242065429688e-02
9.218811988830566406e-02
6.190872192382812500e-02
8.313274383544921875e-02
1.008055210113525391e-01
6.771302223205566406e-02
8.929181098937988281e-02
7.924890518188476562e-02
7.153773307800292969e-02
8.420252799987792969e-02
5.896925926208496094e-02
5.952715873718261719e-02
7.776141166687011719e-02
9.029865264892578125e-02
9.636068344116210938e-02
8.658909797668457031e-02
1.116218566894531250e-01
6.677317619323730469e-02
8.688044548034667969e-02
8.426547050476074219e-02
7.501459121704101562e-02
8.290147781372070312e-02
1.024935245513916016e-01
6.447744369506835938e-02
3.648629188537597656e-01
8.751535415649414062e-02
8.046936988830566406e-02
8.689594268798828125e-02
1.128346920013427734e-01
3.590266704559326172e-01
9.427905082702636719e-02
7.482028007507324219e-02
1.109509468078613281e-01
8.965945243835449219e-02
1.109712123870849609e-01
1.090867519378662109e-01
1.122944355010986328e-01
7.333493232727050781e-02
9.215879440307617188e-02
6.855463981628417969e-02
9.018230438232421875e-02
8.054447174072265625e-02
6.905269622802734375e-02
7.128047943115234375e-02
2.921268939971923828e-01
7.315397262573242188e-02
8.098268508911132812e-02
8.095407485961914062e-02
8.335685729980468750e-02
6.654143333435058594e-02
9.488058090209960938e-02
1.192858219146728516e-01
1.228156089782714844e-01
7.480120658874511719e-02
7.121276855468750000e-02
1.005780696868896484e-01
8.712863922119140625e-02
7.348179817199707031e-02
7.248735427856445312e-02
6.706595420837402344e-02
8.388972282409667969e-02
7.768607139587402344e-02
8.224368095397949219e-02
6.682467460632324219e-02
7.143425941467285156e-02
7.412171363830566406e-02
1.074392795562744141e-01
6.939673423767089844e-02
7.849931716918945312e-02
7.247328758239746094e-02
9.778785705566406250e-02
7.518601417541503906e-02
9.397768974304199219e-02
7.200884819030761719e-02
8.606767654418945312e-02
8.217954635620117188e-02
7.807970046997070312e-02
1.056644916534423828e-01
1.186373233795166016e-01
1.083295345306396484e-01
9.076142311096191406e-02
9.058260917663574219e-02
7.864499092102050781e-02
6.873154640197753906e-02
1.135118007659912109e-01
7.922005653381347656e-02
8.741116523742675781e-02
6.820654869079589844e-02
8.154249191284179688e-02
7.192492485046386719e-02
6.577396392822265625e-02
7.487630844116210938e-02
7.608532905578613281e-02
8.060169219970703125e-02
6.890130043029785156e-02
3.552787303924560547e-01
1.131286621093750000e-01
7.175087928771972656e-02
8.661746978759765625e-02
7.533383369445800781e-02
7.986521720886230469e-02
7.455372810363769531e-02
6.572508811950683594e-02
9.051656723022460938e-02
9.740424156188964844e-02
7.259798049926757812e-02
5.268692970275878906e-02
7.054090499877929688e-02
9.321284294128417969e-02
7.056832313537597656e-02
7.136893272399902344e-02
8.024311065673828125e-02
9.895777702331542969e-02
1.085572242736816406e-01
8.209538459777832031e-02
8.231639862060546875e-02
1.050593852996826172e-01
7.492399215698242188e-02
8.237147331237792969e-02
9.089446067810058594e-02
9.139084815979003906e-02
8.190560340881347656e-02
7.450222969055175781e-02
9.392762184143066406e-02
9.168720245361328125e-02
8.058643341064453125e-02
8.643794059753417969e-02
8.006262779235839844e-02
9.512996673583984375e-02
7.366061210632324219e-02
8.610057830810546875e-02
7.174158096313476562e-02
7.303357124328613281e-02
6.887578964233398438e-02
6.312537193298339844e-02
8.069348335266113281e-02
5.930948257446289062e-02
6.503486633300781250e-02
6.491398811340332031e-02
7.673311233520507812e-02
7.826018333435058594e-02
6.664109230041503906e-02
6.388092041015625000e-02
8.399724960327148438e-02
7.286787033081054688e-02
9.210848808288574219e-02
7.604122161865234375e-02
7.512068748474121094e-02
8.415055274963378906e-02
8.255147933959960938e-02
6.883049011230468750e-02
9.344577789306640625e-02
8.081603050231933594e-02
7.631373405456542969e-02
8.257508277893066406e-02
3.266551494598388672e-01
