1.267666816711425781e-01
7.116508483886718750e-02
1.104493141174316406e-01
7.045149803161621094e-02
7.536339759826660156e-02
7.642340660095214844e-02
7.975912094116210938e-02
8.317208290100097656e-02
2.682499885559082031e-01
7.655501365661621094e-02
9.899282455444335938e-02
8.042168617248535156e-02
9.373331069946289062e-02
9.304833412170410156e-02
9.363174438476562500e-02
8.523917198181152344e-02
9.516096115112304688e-02
8.994889259338378906e-02
8.094167709350585938e-02
7.272100448608398438e-02
7.410335540771484375e-02
8.682990074157714844e-02
8.971691131591796875e-02
7.709002494812011719e-02
7.997822761535644531e-02
7.902288436889648438e-02
7.306909561157226562e-02
7.013058662414550781e-02
7.821583747863769531e-02
8.330464363098144531e-02
9.443879127502441406e-02
7.018733024597167969e-02
1.379690170288085938e-01
8.997035026550292969e-02
8.226943016052246094e-02
7.122039794921875000e-02
6.875729560852050781e-02
7.053017616271972656e-02
8.775281906127929688e-02
7.788729667663574219e-02
6.842708587646484375e-02
8.130621910095214844e-02
7.273840904235839844e-02
9.448647499084472656e-02
8.811879158020019531e-02
1.092762947082519531e-01
1.095778942108154297e-01
1.138861179351806641e-01
1.084578037261962891e-01
7.243371009826660156e-02
7.848930358886718750e-02
7.969141006469726562e-02
7.776689529418945312e-02
1.093406677246093750e-01
8.661675453186035156e-02
7.430243492126464844e-02
7.127761840820312500e-02
1.037299633026123047e-01
7.121777534484863281e-02
6.726169586181640625e-02
9.937381744384765625e-02
8.744144439697265625e-02
1.018979549407958984e-01
3.029336929321289062e-01
7.602596282958984375e-02
6.330752372741699219e-02
3.350543975830078125e-01
6.158542633056640625e-02
8.032870292663574219e-02
9.728956222534179688e-02
6.919455528259277344e-02
8.783125877380371094e-02
7.814168930053710938e-02
7.074260711669921875e-02
7.335448265075683594e-02
6.950616836547851562e-02
5.997276306152343750e-02
7.749485969543457031e-02
9.515738487243652344e-02
1.053240299224853516e-01
7.708859443664550781e-02
1.082355976104736328e-01
6.492066383361816406e-02
8.906912803649902344e-02
8.540320396423339844e-02
6.505513191223144531e-02
8.435010910034179688e-02
1.050014495849609375e-01
6.170177459716796875e-02
1.138420104980468750e-01
8.417510986328125000e-02
8.792757987976074219e-02
3.332867622375488281e-01
1.101799011230468750e-01
1.025035381317138672e-01
8.557534217834472656e-02
7.941770553588867188e-02
1.067855358123779297e-01
8.354043960571289062e-02
1.039891242980957031e-01
9.506893157958984375e-02
1.124444007873535156e-01
7.252144813537597656e-02
9.614181518554687500e-02
6.830024719238281250e-02
8.292341232299804688e-02
7.745814323425292969e-02
7.086014747619628906e-02
8.141231536865234375e-02
9.164786338806152344e-02
6.992673873901367188e-02
9.226584434509277344e-02
8.942604064941406250e-02
8.462309837341308594e-02
2.698063850402832031e-01
8.975815773010253906e-02
1.050980091094970703e-01
1.037642955780029297e-01
6.462478637695312500e-02
6.398248672485351562e-02
9.200692176818847656e-02
7.535290718078613281e-02
6.426620483398437500e-02
7.226920127868652344e-02
8.294320106506347656e-02
7.657766342163085938e-02
7.637882232666015625e-02
7.059502601623535156e-02
6.636905670166015625e-02
7.229328155517578125e-02
6.909847259521484375e-02
1.015205383300781250e-01
6.764006614685058594e-02
8.103585243225097656e-02
7.125854492187500000e-02
1.017498970031738281e-01
6.350326538085937500e-02
3.452665805816650391e-01
6.641721725463867188e-02
7.748293876647949219e-02
9.750294685363769531e-02
8.879280090332031250e-02
1.043498516082763672e-01
1.183648109436035156e-01
1.166050434112548828e-01
1.002974510192871094e-01
8.219099044799804688e-02
8.785319328308105469e-02
6.927442550659179688e-02
1.173112392425537109e-01
8.344602584838867188e-02
1.000123023986816406e-01
7.541418075561523438e-02
8.357238769531250000e-02
6.375741958618164062e-02
6.107211112976074219e-02
7.151532173156738281e-02
7.239103317260742188e-02
3.261163234710693359e-01
7.782292366027832031e-02
1.078617572784423828e-01
1.107017993927001953e-01
7.732367515563964844e-02
8.219695091247558594e-02
7.052731513977050781e-02
8.107280731201171875e-02
2.793333530426025391e-01
6.928491592407226562e-02
8.372187614440917969e-02
9.215927124023437500e-02
6.939005851745605469e-02
5.242347717285156250e-02
7.055974006652832031e-02
9.495830535888671875e-02
7.031583786010742188e-02
7.638669013977050781e-02
8.723902702331542969e-02
9.559679031372070312e-02
1.038746833801269531e-01
7.905364036560058594e-02
6.965279579162597656e-02
9.958791732788085938e-02
6.188130378723144531e-02
7.763147354125976562e-02
8.196449279785156250e-02
8.450675010681152344e-02
3.274660110473632812e-01
8.296775817871093750e-02
7.843899726867675781e-02
8.148026466369628906e-02
7.530307769775390625e-02
8.082652091979980469e-02
8.583617210388183594e-02
9.595799446105957031e-02
8.221220970153808594e-02
7.730984687805175781e-02
7.459330558776855469e-02
7.282996177673339844e-02
8.227705955505371094e-02
8.254814147949218750e-02
8.649396896362304688e-02
5.654621124267578125e-02
6.088328361511230469e-02
6.490468978881835938e-02
7.941389083862304688e-02
8.359122276306152344e-02
8.242082595825195312e-02
6.750202178955078125e-02
9.298205375671386719e-02
7.100963592529296875e-02
8.484482765197753906e-02
7.925057411193847656e-02
7.320451736450195312e-02
7.966113090515136719e-02
9.174227714538574219e-02
6.658124923706054688e-02
9.866213798522949219e-02
7.685589790344238281e-02
6.995177268981933594e-02
8.361840248107910156e-02
8.834075927734375000e-02
