2.196359634399414062e-02
1.283288002014160156e-02
1.416230201721191406e-02
1.040267944335937500e-02
1.157951354980468750e-02
1.347470283508300781e-02
1.727056503295898438e-02
1.163578033447265625e-02
1.324391365051269531e-02
1.429891586303710938e-02
1.317405700683593750e-02
1.195621490478515625e-02
1.318049430847167969e-02
1.176738739013671875e-02
1.182794570922851562e-02
1.116251945495605469e-02
1.282262802124023438e-02
1.234149932861328125e-02
1.154232025146484375e-02
1.159691810607910156e-02
1.186156272888183594e-02
1.256132125854492188e-02
1.347017288208007812e-02
1.213860511779785156e-02
1.226830482482910156e-02
1.260805130004882812e-02
1.450514793395996094e-02
1.989197731018066406e-02
1.200747489929199219e-02
1.147055625915527344e-02
1.310753822326660156e-02
1.309776306152343750e-02
1.512765884399414062e-02
1.181888580322265625e-02
1.259994506835937500e-02
1.396894454956054688e-02
1.622819900512695312e-02
1.697993278503417969e-02
1.385951042175292969e-02
1.133370399475097656e-02
1.393246650695800781e-02
1.171779632568359375e-02
1.261305809020996094e-02
1.277184486389160156e-02
1.263046264648437500e-02
1.376605033874511719e-02
1.377320289611816406e-02
1.457333564758300781e-02
1.473855972290039062e-02
1.106476783752441406e-02
1.371264457702636719e-02
1.129102706909179688e-02
1.729846000671386719e-02
1.397323608398437500e-02
1.735520362854003906e-02
1.225566864013671875e-02
1.232194900512695312e-02
1.298689842224121094e-02
1.199293136596679688e-02
1.300477981567382812e-02
1.344013214111328125e-02
1.243877410888671875e-02
1.347613334655761719e-02
1.159334182739257812e-02
1.082706451416015625e-02
1.079106330871582031e-02
1.287269592285156250e-02
1.030397415161132812e-02
1.673221588134765625e-02
1.185083389282226562e-02
1.215076446533203125e-02
1.217889785766601562e-02
1.194977760314941406e-02
1.131844520568847656e-02
1.317906379699707031e-02
1.141500473022460938e-02
1.085519790649414062e-02
1.091265678405761719e-02
1.229763031005859375e-02
1.265478134155273438e-02
1.220965385437011719e-02
1.438236236572265625e-02
1.261854171752929688e-02
1.144790649414062500e-02
1.385307312011718750e-02
1.130199432373046875e-02
1.192259788513183594e-02
1.403236389160156250e-02
1.122450828552246094e-02
1.627230644226074219e-02
1.299071311950683594e-02
1.339435577392578125e-02
1.336240768432617188e-02
1.306748390197753906e-02
1.557826995849609375e-02
1.156449317932128906e-02
1.199126243591308594e-02
1.329994201660156250e-02
1.377797126770019531e-02
1.272344589233398438e-02
1.376652717590332031e-02
1.309728622436523438e-02
1.179504394531250000e-02
1.344609260559082031e-02
1.108479499816894531e-02
1.089310646057128906e-02
1.239681243896484375e-02
1.022577285766601562e-02
1.271533966064453125e-02
1.107287406921386719e-02
1.225256919860839844e-02
1.205229759216308594e-02
1.425814628601074219e-02
1.251101493835449219e-02
1.386594772338867188e-02
1.724386215209960938e-02
1.420783996582031250e-02
1.347708702087402344e-02
1.226711273193359375e-02
1.104474067687988281e-02
1.315045356750488281e-02
1.174616813659667969e-02
1.464200019836425781e-02
1.537299156188964844e-02
1.243185997009277344e-02
1.176404953002929688e-02
1.268506050109863281e-02
1.110982894897460938e-02
1.182198524475097656e-02
1.090335845947265625e-02
1.180338859558105469e-02
1.280879974365234375e-02
1.497364044189453125e-02
1.204943656921386719e-02
1.645517349243164062e-02
1.864910125732421875e-02
1.152610778808593750e-02
1.405930519104003906e-02
1.748847961425781250e-02
1.314735412597656250e-02
1.299118995666503906e-02
1.111960411071777344e-02
1.394033432006835938e-02
1.311063766479492188e-02
1.514935493469238281e-02
1.269745826721191406e-02
1.733207702636718750e-02
1.290178298950195312e-02
1.209783554077148438e-02
1.306986808776855469e-02
1.273036003112792969e-02
1.222300529479980469e-02
1.310491561889648438e-02
1.229000091552734375e-02
1.246929168701171875e-02
1.024007797241210938e-02
1.227450370788574219e-02
1.143836975097656250e-02
1.242423057556152344e-02
1.124858856201171875e-02
1.380491256713867188e-02
1.363635063171386719e-02
1.109647750854492188e-02
1.081728935241699219e-02
1.282286643981933594e-02
1.215338706970214844e-02
1.240992546081542969e-02
1.065063476562500000e-02
1.283788681030273438e-02
1.244306564331054688e-02
1.587390899658203125e-02
1.344752311706542969e-02
6.696105003356933594e-02
1.933956146240234375e-02
1.217412948608398438e-02
1.138401031494140625e-02
1.405668258666992188e-02
1.378488540649414062e-02
1.276111602783203125e-02
1.219916343688964844e-02
1.113915443420410156e-02
1.352572441101074219e-02
1.042485237121582031e-02
1.200318336486816406e-02
1.167082786560058594e-02
1.678633689880371094e-02
1.218485832214355469e-02
1.204442977905273438e-02
1.171851158142089844e-02
1.308917999267578125e-02
1.240944862365722656e-02
1.449799537658691406e-02
1.178336143493652344e-02
1.184320449829101562e-02
1.066207885742187500e-02
1.414608955383300781e-02
1.455807685852050781e-02
1.371550559997558594e-02
1.047968864440917969e-02
1.039004325866699219e-02
1.112532615661621094e-02
1.056790351867675781e-02
1.387095451354980469e-02
1.269626617431640625e-02
1.110291481018066406e-02
1.224994659423828125e-02
1.546573638916015625e-02
1.528358459472656250e-02
1.231169700622558594e-02
1.213240623474121094e-02
1.190423965454101562e-02
1.385211944580078125e-02
1.164984703063964844e-02
1.222848892211914062e-02
1.155209541320800781e-02
1.137900352478027344e-02
1.207113265991210938e-02
1.384139060974121094e-02
1.080346107482910156e-02
1.512169837951660156e-02
1.571464538574218750e-02
