1.948854923248291016e-01
1.282675266265869141e-01
1.298141479492187500e-01
1.705999374389648438e-01
1.536304950714111328e-01
1.503388881683349609e-01
1.817405223846435547e-01
1.342051029205322266e-01
1.257531642913818359e-01
1.759622097015380859e-01
1.463246345520019531e-01
1.374051570892333984e-01
2.022211551666259766e-01
1.587305068969726562e-01
1.617746353149414062e-01
1.513104438781738281e-01
2.274065017700195312e-01
1.787919998168945312e-01
1.244010925292968750e-01
1.270058155059814453e-01
1.306772232055664062e-01
1.816794872283935547e-01
1.448557376861572266e-01
1.873111724853515625e-01
1.453728675842285156e-01
1.450910568237304688e-01
1.261272430419921875e-01
1.685392856597900391e-01
1.424622535705566406e-01
1.390993595123291016e-01
1.935086250305175781e-01
1.307961940765380859e-01
2.204070091247558594e-01
1.478953361511230469e-01
1.520378589630126953e-01
1.709594726562500000e-01
1.294062137603759766e-01
1.454341411590576172e-01
2.016682624816894531e-01
1.349592208862304688e-01
1.281301975250244141e-01
1.878538131713867188e-01
1.868634223937988281e-01
1.775851249694824219e-01
2.009892463684082031e-01
1.793162822723388672e-01
2.231607437133789062e-01
1.849989891052246094e-01
1.852903366088867188e-01
1.704285144805908203e-01
1.367404460906982422e-01
1.395766735076904297e-01
1.911492347717285156e-01
1.784501075744628906e-01
1.910581588745117188e-01
1.387629508972167969e-01
1.335380077362060547e-01
2.340872287750244141e-01
1.275827884674072266e-01
1.154823303222656250e-01
2.099182605743408203e-01
1.583399772644042969e-01
2.293484210968017578e-01
2.159152030944824219e-01
1.135270595550537109e-01
1.689853668212890625e-01
1.570756435394287109e-01
1.159689426422119141e-01
1.726541519165039062e-01
1.589441299438476562e-01
1.246459484100341797e-01
1.888039112091064453e-01
1.331191062927246094e-01
1.414716243743896484e-01
1.245782375335693359e-01
1.413762569427490234e-01
1.079587936401367188e-01
1.554820537567138672e-01
1.887333393096923828e-01
1.664762496948242188e-01
1.317377090454101562e-01
2.197463512420654297e-01
1.147558689117431641e-01
1.433193683624267578e-01
1.849772930145263672e-01
1.307907104492187500e-01
1.520392894744873047e-01
2.405991554260253906e-01
1.054999828338623047e-01
2.188141345977783203e-01
1.418569087982177734e-01
1.464262008666992188e-01
1.871232986450195312e-01
1.844964027404785156e-01
2.305750846862792969e-01
1.352558135986328125e-01
1.357614994049072266e-01
2.202517986297607422e-01
1.541042327880859375e-01
1.759672164916992188e-01
2.211220264434814453e-01
1.687040328979492188e-01
1.661024093627929688e-01
1.518089771270751953e-01
1.208448410034179688e-01
1.617913246154785156e-01
1.270089149475097656e-01
1.469631195068359375e-01
1.369848251342773438e-01
1.589059829711914062e-01
1.354835033416748047e-01
2.376654148101806641e-01
1.386246681213378906e-01
1.407165527343750000e-01
1.592619419097900391e-01
1.713759899139404297e-01
1.987118721008300781e-01
2.181465625762939453e-01
1.319792270660400391e-01
1.213810443878173828e-01
2.280828952789306641e-01
1.430985927581787109e-01
1.244161128997802734e-01
1.765868663787841797e-01
1.369438171386718750e-01
1.508200168609619141e-01
1.750011444091796875e-01
1.330120563507080078e-01
1.173975467681884766e-01
1.633226871490478516e-01
1.241960525512695312e-01
1.930158138275146484e-01
1.367471218109130859e-01
1.621079444885253906e-01
1.181440353393554688e-01
2.107746601104736328e-01
1.493446826934814453e-01
1.846854686737060547e-01
1.248414516448974609e-01
1.747014522552490234e-01
1.411411762237548828e-01
2.002654075622558594e-01
1.619343757629394531e-01
1.907560825347900391e-01
2.224695682525634766e-01
1.504213809967041016e-01
1.976156234741210938e-01
1.498105525970458984e-01
1.228432655334472656e-01
2.203860282897949219e-01
1.371848583221435547e-01
1.626086235046386719e-01
1.777327060699462891e-01
1.354990005493164062e-01
1.195418834686279297e-01
1.522355079650878906e-01
1.416440010070800781e-01
1.414825916290283203e-01
1.528050899505615234e-01
2.101082801818847656e-01
2.018203735351562500e-01
2.268180847167968750e-01
1.354608535766601562e-01
1.430273056030273438e-01
1.735618114471435547e-01
1.484131813049316406e-01
1.246411800384521484e-01
1.708970069885253906e-01
1.448292732238769531e-01
1.712419986724853516e-01
1.638796329498291016e-01
9.605336189270019531e-02
1.174335479736328125e-01
1.513459682464599609e-01
1.649696826934814453e-01
1.227493286132812500e-01
1.343679428100585938e-01
2.053685188293457031e-01
1.949598789215087891e-01
1.473200321197509766e-01
1.869819164276123047e-01
1.840355396270751953e-01
1.239781379699707031e-01
2.130990028381347656e-01
1.426317691802978516e-01
1.412801742553710938e-01
1.800806522369384766e-01
1.342339515686035156e-01
1.341965198516845703e-01
2.039909362792968750e-01
1.300048828125000000e-01
1.600248813629150391e-01
1.802091598510742188e-01
1.698489189147949219e-01
1.402983665466308594e-01
1.879746913909912109e-01
1.258566379547119141e-01
1.325590610504150391e-01
1.713240146636962891e-01
1.286137104034423828e-01
1.329944133758544922e-01
1.438632011413574219e-01
1.186816692352294922e-01
1.188895702362060547e-01
1.334719657897949219e-01
1.902842521667480469e-01
1.258099079132080078e-01
1.326913833618164062e-01
2.231714725494384766e-01
1.383874416351318359e-01
1.692824363708496094e-01
1.694827079772949219e-01
1.268525123596191406e-01
1.418969631195068359e-01
2.129621505737304688e-01
1.222195625305175781e-01
1.728568077087402344e-01
1.713747978210449219e-01
1.215789318084716797e-01
1.463298797607421875e-01
1.878416538238525391e-01
