4.078581333160400391e-01
4.104371070861816406e-01
3.909568786621093750e-01
4.090001583099365234e-01
3.969848155975341797e-01
4.008889198303222656e-01
4.193477630615234375e-01
4.041690826416015625e-01
4.077548980712890625e-01
4.046359062194824219e-01
4.100518226623535156e-01
4.120168685913085938e-01
4.159400463104248047e-01
4.083354473114013672e-01
4.143149852752685547e-01
4.005455970764160156e-01
4.161984920501708984e-01
4.095835685729980469e-01
4.335274696350097656e-01
4.114191532135009766e-01
4.098436832427978516e-01
4.140286445617675781e-01
4.089629650115966797e-01
4.069235324859619141e-01
4.103028774261474609e-01
3.996002674102783203e-01
4.008870124816894531e-01
4.091954231262207031e-01
3.989117145538330078e-01
4.269773960113525391e-01
4.094839096069335938e-01
4.246847629547119141e-01
4.337699413299560547e-01
4.121863842010498047e-01
4.269082546234130859e-01
4.196081161499023438e-01
4.077701568603515625e-01
4.222950935363769531e-01
4.109625816345214844e-01
4.227266311645507812e-01
4.230859279632568359e-01
4.215626716613769531e-01
4.170391559600830078e-01
4.320740699768066406e-01
4.123144149780273438e-01
4.274423122406005859e-01
4.184429645538330078e-01
4.207630157470703125e-01
4.186565876007080078e-01
4.066004753112792969e-01
4.055211544036865234e-01
3.982551097869873047e-01
4.149203300476074219e-01
4.363420009613037109e-01
4.217622280120849609e-01
4.063796997070312500e-01
4.106948375701904297e-01
4.261901378631591797e-01
4.137656688690185547e-01
4.991760253906250000e-01
4.191598892211914062e-01
4.094703197479248047e-01
4.263949394226074219e-01
4.150304794311523438e-01
4.179005622863769531e-01
4.065070152282714844e-01
4.195570945739746094e-01
4.126908779144287109e-01
4.064977169036865234e-01
4.110949039459228516e-01
4.055883884429931641e-01
4.141848087310791016e-01
4.066960811614990234e-01
4.026067256927490234e-01
4.143967628479003906e-01
4.027888774871826172e-01
4.066400527954101562e-01
4.062304496765136719e-01
4.082634449005126953e-01
4.179303646087646484e-01
3.939528465270996094e-01
4.299635887145996094e-01
3.948369026184082031e-01
4.059629440307617188e-01
4.178869724273681641e-01
4.069230556488037109e-01
4.146625995635986328e-01
4.258832931518554688e-01
4.027881622314453125e-01
4.255239963531494141e-01
4.054880142211914062e-01
4.261786937713623047e-01
4.061233997344970703e-01
4.160697460174560547e-01
4.160554409027099609e-01
4.197111129760742188e-01
4.061768054962158203e-01
4.159233570098876953e-01
4.058973789215087891e-01
4.220268726348876953e-01
4.127633571624755859e-01
4.183137416839599609e-01
4.108636379241943359e-01
4.057025909423828125e-01
4.103922843933105469e-01
3.956146240234375000e-01
4.096465110778808594e-01
4.002857208251953125e-01
3.980000019073486328e-01
4.229300022125244141e-01
4.146616458892822266e-01
4.058206081390380859e-01
4.151787757873535156e-01
4.197294712066650391e-01
4.007844924926757812e-01
4.353115558624267578e-01
4.249341487884521484e-01
4.092266559600830078e-01
4.043307304382324219e-01
4.080545902252197266e-01
4.154748916625976562e-01
4.257662296295166016e-01
3.932518959045410156e-01
4.044194221496582031e-01
3.949065208435058594e-01
4.143278598785400391e-01
4.099826812744140625e-01
4.118521213531494141e-01
4.027273654937744141e-01
3.933422565460205078e-01
4.119551181793212891e-01
4.269216060638427734e-01
4.010744094848632812e-01
4.068114757537841797e-01
4.001202583312988281e-01
4.207613468170166016e-01
4.073538780212402344e-01
4.245593547821044922e-01
4.071962833404541016e-01
4.007992744445800781e-01
4.099485874176025391e-01
4.293587207794189453e-01
4.269142150878906250e-01
4.276652336120605469e-01
4.190471172332763672e-01
4.141073226928710938e-01
4.189434051513671875e-01
4.126393795013427734e-01
4.128663539886474609e-01
4.223916530609130859e-01
4.168138504028320312e-01
4.117238521575927734e-01
4.078202247619628906e-01
4.098789691925048828e-01
4.162008762359619141e-01
4.070506095886230469e-01
4.050114154815673828e-01
4.216048717498779297e-01
4.133141040802001953e-01
4.086589813232421875e-01
4.221849441528320312e-01
4.263997077941894531e-01
4.069201946258544922e-01
4.376323223114013672e-01
4.149811267852783203e-01
4.186842441558837891e-01
4.066448211669921875e-01
4.076592922210693359e-01
4.190933704376220703e-01
4.267377853393554688e-01
4.018156528472900391e-01
3.974776268005371094e-01
4.070045948028564453e-01
4.165160655975341797e-01
4.025316238403320312e-01
4.131331443786621094e-01
4.217314720153808594e-01
4.209482669830322266e-01
4.806907176971435547e-01
4.137003421783447266e-01
4.170434474945068359e-01
3.778455257415771484e-01
3.993341922760009766e-01
4.109663963317871094e-01
4.124257564544677734e-01
4.061696529388427734e-01
4.054293632507324219e-01
4.010047912597656250e-01
4.223468303680419922e-01
4.204921722412109375e-01
4.128382205963134766e-01
4.127652645111083984e-01
4.006335735321044922e-01
4.286415576934814453e-01
4.045805931091308594e-01
4.093585014343261719e-01
4.100775718688964844e-01
4.149284362792968750e-01
4.086401462554931641e-01
4.077475070953369141e-01
4.119684696197509766e-01
4.049081802368164062e-01
4.209282398223876953e-01
4.152133464813232422e-01
4.080111980438232422e-01
3.969347476959228516e-01
4.170060157775878906e-01
3.984303474426269531e-01
3.946247100830078125e-01
3.996276855468750000e-01
4.272615909576416016e-01
3.916490077972412109e-01
4.249227046966552734e-01
4.083776473999023438e-01
4.107658863067626953e-01
3.972887992858886719e-01
4.184262752532958984e-01
4.151694774627685547e-01
4.128830432891845703e-01
4.234175682067871094e-01
4.079656600952148438e-01
