0.3270852565765381
0.26474905014038086
0.29242825508117676
0.184312105178833
0.18877530097961426
0.22655487060546875
0.2919900417327881
0.18646717071533203
0.1693263053894043
0.1927022933959961
0.2035961151123047
0.1875591278076172
0.24006938934326172
0.21579599380493164
0.22138428688049316
0.22347235679626465
0.2141125202178955
0.19948101043701172
0.1851356029510498
0.18451786041259766
0.18340539932250977
0.21742606163024902
0.21184134483337402
0.19788384437561035
0.318401575088501
0.20489859580993652
0.18679141998291016
0.19202733039855957
0.20708537101745605
0.21033811569213867
0.21766114234924316
0.1907804012298584
0.25011181831359863
0.2084205150604248
0.2167496681213379
0.1999356746673584
0.2023296356201172
0.20920395851135254
0.2189469337463379
0.2729978561401367
0.20199942588806152
0.3159511089324951
0.202683687210083
0.2569315433502197
0.22646474838256836
0.2610208988189697
0.25198817253112793
0.2461845874786377
0.2659451961517334
0.20262503623962402
0.1938920021057129
0.19719290733337402
0.20853328704833984
0.24321198463439941
0.2239518165588379
0.22094440460205078
0.20309090614318848
0.24633193016052246
0.21135997772216797
0.18273091316223145
0.25276684761047363
0.2161388397216797
0.24296188354492188
0.2334587574005127
0.1871476173400879
0.18686389923095703
0.21340560913085938
0.17992758750915527
0.20210742950439453
0.22517871856689453
0.17573904991149902
0.2146623134613037
0.1929469108581543
0.1917099952697754
0.1892392635345459
0.28119540214538574
0.16872954368591309
0.191145658493042
0.2129683494567871
0.21812224388122559
0.2109842300415039
0.2289745807647705
0.18302464485168457
0.2127065658569336
0.21017122268676758
0.18388915061950684
0.2084484100341797
0.25100111961364746
0.1687619686126709
0.2564201354980469
0.21337032318115234
0.20811915397644043
0.20168018341064453
0.3669161796569824
0.2573833465576172
0.19812560081481934
0.1828019618988037
0.24095654487609863
0.20911455154418945
0.22966980934143066
0.23229074478149414
0.24329590797424316
0.18865752220153809
0.2061142921447754
0.18136310577392578
0.18769574165344238
0.18651556968688965
0.1907796859741211
0.18140125274658203
0.21871042251586914
0.3216722011566162
0.19577860832214355
0.19992733001708984
0.20585274696350098
0.18594956398010254
0.2267744541168213
0.23641180992126465
0.2559652328491211
0.18810153007507324
0.17612266540527344
0.22289204597473145
0.19816231727600098
0.18728852272033691
0.19100332260131836
0.19482707977294922
0.18785548210144043
0.18860578536987305
0.18926239013671875
0.18265819549560547
0.18664264678955078
0.18127655982971191
0.22334933280944824
0.17646098136901855
0.18385672569274902
0.17125272750854492
0.2394571304321289
0.18879008293151855
0.21709108352661133
0.17507362365722656
0.19862842559814453
0.1993086338043213
0.20685219764709473
0.22184467315673828
0.2568182945251465
0.2551419734954834
0.2200474739074707
0.21026229858398438
0.19269967079162598
0.18926453590393066
0.24079346656799316
0.2025587558746338
0.21538376808166504
0.17812776565551758
0.1867382526397705
0.16793251037597656
0.17361807823181152
0.18971729278564453
0.2021491527557373
0.1908245086669922
0.18988609313964844
0.23918867111206055
0.25445055961608887
0.1832284927368164
0.19670677185058594
0.20091772079467773
0.1980597972869873
0.18285274505615234
0.18743467330932617
0.204941987991333
0.22606921195983887
0.18855953216552734
0.15509390830993652
0.17643237113952637
0.21520090103149414
0.1806025505065918
0.18081402778625488
0.1945810317993164
0.22402429580688477
0.22514605522155762
0.1946854591369629
0.19371891021728516
0.2230377197265625
0.2462024688720703
0.20502853393554688
0.19229841232299805
0.21091413497924805
0.19738435745239258
0.1912853717803955
0.20299243927001953
0.2213141918182373
0.208510160446167
0.21134543418884277
0.199723482131958
0.2210681438446045
0.18820452690124512
0.20900845527648926
0.18306231498718262
0.18989086151123047
0.1780683994293213
0.1692049503326416
0.254652738571167
0.16890573501586914
0.1867387294769287
0.1837022304534912
0.19202089309692383
0.1947174072265625
0.1835954189300537
0.18368196487426758
0.22105026245117188
0.1779313087463379
0.22366023063659668
0.2117152214050293
0.18569374084472656
0.20015335083007812
0.21129250526428223
0.18739032745361328
0.21802401542663574
0.18951177597045898
0.16522908210754395
0.2002394199371338
0.2118833065032959
