4.517717361450195312e-01
4.402010440826416016e-01
4.419257640838623047e-01
4.430243968963623047e-01
4.465994834899902344e-01
4.460580348968505859e-01
4.491770267486572266e-01
4.379024505615234375e-01
4.406266212463378906e-01
4.444494247436523438e-01
4.423451423645019531e-01
4.473886489868164062e-01
4.418900012969970703e-01
4.450590610504150391e-01
4.537618160247802734e-01
4.531972408294677734e-01
4.571814537048339844e-01
4.514186382293701172e-01
4.518144130706787109e-01
4.361479282379150391e-01
4.471733570098876953e-01
4.455616474151611328e-01
4.374799728393554688e-01
4.415247440338134766e-01
4.381186962127685547e-01
4.504394531250000000e-01
4.380490779876708984e-01
4.421639442443847656e-01
4.364495277404785156e-01
4.469561576843261719e-01
4.468166828155517578e-01
4.527204036712646484e-01
4.611792564392089844e-01
4.550738334655761719e-01
4.522788524627685547e-01
4.501442909240722656e-01
4.468483924865722656e-01
4.502713680267333984e-01
4.635722637176513672e-01
4.389054775238037109e-01
4.449055194854736328e-01
4.478981494903564453e-01
4.448177814483642578e-01
4.574487209320068359e-01
4.431846141815185547e-01
4.651746749877929688e-01
4.510223865509033203e-01
4.552471637725830078e-01
4.503269195556640625e-01
4.381055831909179688e-01
4.491658210754394531e-01
4.412720203399658203e-01
4.591875076293945312e-01
4.632074832916259766e-01
4.538171291351318359e-01
4.329817295074462891e-01
4.442961215972900391e-01
4.624168872833251953e-01
4.857933521270751953e-01
4.435117244720458984e-01
4.726760387420654297e-01
4.486606121063232422e-01
4.650392532348632812e-01
4.632236957550048828e-01
4.527120590209960938e-01
4.442005157470703125e-01
4.663071632385253906e-01
4.454314708709716797e-01
4.416604042053222656e-01
4.514935016632080078e-01
4.493646621704101562e-01
4.674148559570312500e-01
4.417970180511474609e-01
4.582815170288085938e-01
4.494533538818359375e-01
4.381229877471923828e-01
4.444489479064941406e-01
4.540164470672607422e-01
4.458279609680175781e-01
4.639868736267089844e-01
4.558444023132324219e-01
4.566268920898437500e-01
4.506225585937500000e-01
4.423027038574218750e-01
4.531972408294677734e-01
4.284672737121582031e-01
4.524607658386230469e-01
4.659526348114013672e-01
4.495227336883544922e-01
4.691545963287353516e-01
4.565560817718505859e-01
4.455769062042236328e-01
4.589519500732421875e-01
4.546561241149902344e-01
4.609048366546630859e-01
4.409115314483642578e-01
4.570877552032470703e-01
4.566702842712402344e-01
4.445340633392333984e-01
4.596962928771972656e-01
4.488551616668701172e-01
4.530074596405029297e-01
4.300482273101806641e-01
4.440004825592041016e-01
4.480257034301757812e-01
4.424378871917724609e-01
4.594073295593261719e-01
4.092938899993896484e-01
4.388239383697509766e-01
4.572031497955322266e-01
4.395868778228759766e-01
4.391548633575439453e-01
4.332816600799560547e-01
4.403107166290283203e-01
4.450669288635253906e-01
4.459156990051269531e-01
4.591138362884521484e-01
4.479470252990722656e-01
4.375305175781250000e-01
4.501461982727050781e-01
4.620904922485351562e-01
4.460721015930175781e-01
4.389817714691162109e-01
4.458563327789306641e-01
4.429860115051269531e-01
4.485270977020263672e-01
4.603903293609619141e-01
4.449563026428222656e-01
4.445760250091552734e-01
4.395523071289062500e-01
4.401814937591552734e-01
4.595766067504882812e-01
4.490449428558349609e-01
4.492373466491699219e-01
4.413671493530273438e-01
4.583542346954345703e-01
4.502553939819335938e-01
4.442093372344970703e-01
4.336788654327392578e-01
4.542450904846191406e-01
4.786915779113769531e-01
4.507842063903808594e-01
4.481236934661865234e-01
4.752912521362304688e-01
4.527676105499267578e-01
4.491581916809082031e-01
4.645528793334960938e-01
4.443104267120361328e-01
4.466352462768554688e-01
4.613518714904785156e-01
4.296631813049316406e-01
4.610490798950195312e-01
3.991861343383789062e-01
4.482419490814208984e-01
4.354610443115234375e-01
4.545102119445800781e-01
4.419319629669189453e-01
4.295876026153564453e-01
3.919026851654052734e-01
2.697603702545166016e-01
4.265434741973876953e-01
4.557445049285888672e-01
4.393467903137207031e-01
4.372787475585937500e-01
4.503736495971679688e-01
4.407956600189208984e-01
4.541652202606201172e-01
4.382979869842529297e-01
4.506626129150390625e-01
4.504976272583007812e-01
4.490101337432861328e-01
4.335174560546875000e-01
4.433512687683105469e-01
4.515426158905029297e-01
4.450013637542724609e-01
4.314045906066894531e-01
4.475460052490234375e-01
4.542405605316162109e-01
4.455575942993164062e-01
4.454288482666015625e-01
4.483387470245361328e-01
4.518387317657470703e-01
4.215371608734130859e-01
4.292449951171875000e-01
4.541039466857910156e-01
4.381000995635986328e-01
4.612729549407958984e-01
4.427316188812255859e-01
4.526865482330322266e-01
4.408526420593261719e-01
4.411866664886474609e-01
4.456915855407714844e-01
4.502089023590087891e-01
4.670753479003906250e-01
4.487180709838867188e-01
4.476902484893798828e-01
4.387648105621337891e-01
4.486072063446044922e-01
4.279489517211914062e-01
4.332010746002197266e-01
4.426643848419189453e-01
4.387443065643310547e-01
4.458611011505126953e-01
4.589602947235107422e-01
4.499356746673583984e-01
4.542367458343505859e-01
4.435694217681884766e-01
4.446833133697509766e-01
4.771518707275390625e-01
4.398643970489501953e-01
4.612333774566650391e-01
4.369881153106689453e-01
4.456732273101806641e-01
4.626591205596923828e-01
4.460296630859375000e-01
4.485154151916503906e-01
4.598996639251708984e-01
4.479820728302001953e-01
4.424972534179687500e-01
4.473078250885009766e-01
3.996839523315429688e-01
