0.2292170524597168
0.20386004447937012
0.197251558303833
0.22396588325500488
0.213698148727417
0.2143247127532959
0.20932483673095703
0.2041332721710205
0.20465493202209473
0.2107996940612793
0.22139358520507812
0.2091822624206543
0.2398669719696045
0.2383120059967041
0.23160791397094727
0.24263691902160645
0.2298743724822998
0.21835565567016602
0.22173690795898438
0.21094703674316406
0.2011709213256836
0.22739505767822266
0.21801137924194336
0.2227494716644287
0.20923566818237305
0.2112109661102295
0.19529080390930176
0.19843602180480957
0.1883697509765625
0.21137237548828125
0.22849678993225098
0.20736145973205566
0.25852227210998535
0.22630524635314941
0.2199547290802002
0.21480727195739746
0.20261716842651367
0.21215558052062988
0.26600146293640137
0.21175122261047363
0.20721149444580078
0.19834470748901367
0.21372699737548828
0.25519275665283203
0.22587251663208008
0.27019309997558594
0.2582736015319824
0.26609182357788086
0.2592785358428955
0.20635485649108887
0.20560050010681152
0.2111978530883789
0.2051694393157959
0.2549159526824951
0.23810243606567383
0.21640396118164062
0.2620208263397217
0.25670766830444336
0.22032618522644043
0.2086172103881836
0.25996875762939453
0.23396968841552734
0.26983118057250977
0.25809717178344727
0.1933577060699463
0.1993541717529297
0.2403116226196289
0.18615007400512695
0.20767807960510254
0.25263452529907227
0.2006371021270752
0.23461532592773438
0.2127983570098877
0.20641851425170898
0.20742511749267578
0.21477437019348145
0.20183253288269043
0.20001649856567383
0.22936606407165527
0.24030613899230957
0.2164592742919922
0.2534949779510498
0.21210622787475586
0.2211294174194336
0.223646879196167
0.20769429206848145
0.22960400581359863
0.24803733825683594
0.18518686294555664
0.27279019355773926
0.2267303466796875
0.2178795337677002
0.23872113227844238
0.2604508399963379
0.2574594020843506
0.2145380973815918
0.20121073722839355
0.2609384059906006
0.22253656387329102
0.25803399085998535
0.24899649620056152
0.2595212459564209
0.20375728607177734
0.23443031311035156
0.1933608055114746
0.20933794975280762
0.2029709815979004
0.1988053321838379
0.21191763877868652
0.2402496337890625
0.2034142017364502
0.23252153396606445
0.24286556243896484
0.23133516311645508
0.20262813568115234
0.23757004737854004
0.26393604278564453
0.2559700012207031
0.2070939540863037
0.20400094985961914
0.24103379249572754
0.21319007873535156
0.2075481414794922
0.21437501907348633
0.2070004940032959
0.2169196605682373
0.22818851470947266
0.20686984062194824
0.20140314102172852
0.19553160667419434
0.18799996376037598
0.24656057357788086
0.20056915283203125
0.2025284767150879
0.19392085075378418
0.25931549072265625
0.20165205001831055
0.24038100242614746
0.20750212669372559
0.21146821975708008
0.23331809043884277
0.2403583526611328
0.26395463943481445
0.25826191902160645
0.28563427925109863
0.23705291748046875
0.23618721961975098
0.22309231758117676
0.199385404586792
0.2703385353088379
0.2257826328277588
0.23143649101257324
0.20804238319396973
0.21703410148620605
0.20087313652038574
0.18543672561645508
0.2068467140197754
0.2062675952911377
0.20976495742797852
0.21686601638793945
0.25252485275268555
0.26090526580810547
0.21083498001098633
0.2235417366027832
0.20400500297546387
0.21105003356933594
0.20999884605407715
0.19958019256591797
0.2236478328704834
0.2449169158935547
0.20909547805786133
0.17438030242919922
0.19388365745544434
0.2238931655883789
0.19661903381347656
0.19099974632263184
0.2048494815826416
0.24023032188415527
0.24055790901184082
0.20789051055908203
0.2253267765045166
0.254413366317749
0.1926279067993164
0.21201157569885254
0.21367549896240234
0.2206254005432129
0.22250604629516602
0.2043290138244629
0.2163071632385254
0.22580981254577637
0.20877933502197266
0.21993803977966309
0.22025084495544434
0.26377129554748535
0.20580005645751953
0.22496700286865234
0.21468281745910645
0.20963811874389648
0.2050325870513916
0.19367694854736328
0.2158520221710205
0.1755537986755371
0.19514679908752441
0.20476937294006348
0.20285439491271973
0.23259544372558594
0.19660139083862305
0.18941187858581543
0.22841787338256836
0.21006250381469727
0.24309802055358887
0.21513080596923828
0.2136671543121338
0.23793888092041016
0.23879504203796387
0.2020270824432373
0.23964905738830566
0.19791221618652344
0.19734811782836914
0.21836566925048828
0.21373295783996582
