4.200134277343750000e-01
4.121203422546386719e-01
3.956599235534667969e-01
4.123203754425048828e-01
4.197895526885986328e-01
4.288675785064697266e-01
4.080007076263427734e-01
4.009325504302978516e-01
4.134190082550048828e-01
4.075624942779541016e-01
4.275925159454345703e-01
4.164507389068603516e-01
4.156761169433593750e-01
4.116630554199218750e-01
4.164528846740722656e-01
4.201834201812744141e-01
4.215979576110839844e-01
4.165272712707519531e-01
4.051575660705566406e-01
4.011201858520507812e-01
4.168512821197509766e-01
4.192359447479248047e-01
4.096157550811767578e-01
4.135720729827880859e-01
4.049043655395507812e-01
4.116597175598144531e-01
3.956556320190429688e-01
4.142966270446777344e-01
4.120810031890869141e-01
4.128463268280029297e-01
4.279401302337646484e-01
4.100749492645263672e-01
4.347038269042968750e-01
4.360699653625488281e-01
4.183428287506103516e-01
4.056365489959716797e-01
4.211072921752929688e-01
4.119126796722412109e-01
4.134380817413330078e-01
4.234659671783447266e-01
3.969314098358154297e-01
4.160506725311279297e-01
4.122025966644287109e-01
4.348289966583251953e-01
4.216799736022949219e-01
4.141755104064941406e-01
4.337050914764404297e-01
4.208393096923828125e-01
4.338119029998779297e-01
4.179422855377197266e-01
4.157550334930419922e-01
4.240987300872802734e-01
4.248998165130615234e-01
4.265727996826171875e-01
4.291095733642578125e-01
4.043092727661132812e-01
4.114291667938232422e-01
4.220030307769775391e-01
4.101417064666748047e-01
4.523463249206542969e-01
4.274027347564697266e-01
4.240877628326416016e-01
4.163815975189208984e-01
4.241304397583007812e-01
4.144167900085449219e-01
4.099359512329101562e-01
4.177117347717285156e-01
4.091248512268066406e-01
4.170060157775878906e-01
4.275150299072265625e-01
4.065277576446533203e-01
4.263474941253662109e-01
4.137580394744873047e-01
4.119455814361572266e-01
4.051654338836669922e-01
4.062571525573730469e-01
4.125208854675292969e-01
4.157910346984863281e-01
4.283175468444824219e-01
4.291336536407470703e-01
4.207563400268554688e-01
4.335644245147705078e-01
4.096829891204833984e-01
4.159972667694091797e-01
4.142904281616210938e-01
4.136767387390136719e-01
4.263241291046142578e-01
4.277081489562988281e-01
4.239451885223388672e-01
4.301664829254150391e-01
4.143040180206298828e-01
4.234004020690917969e-01
4.182853698730468750e-01
4.253535270690917969e-01
4.335975646972656250e-01
4.133939743041992188e-01
4.091460704803466797e-01
4.332659244537353516e-01
4.220831394195556641e-01
4.115662574768066406e-01
4.247303009033203125e-01
4.282920360565185547e-01
4.124364852905273438e-01
4.231951236724853516e-01
4.077522754669189453e-01
4.072566032409667969e-01
4.080727100372314453e-01
4.169101715087890625e-01
4.171237945556640625e-01
4.113950729370117188e-01
4.263703823089599609e-01
4.235613346099853516e-01
4.126262664794921875e-01
4.143579006195068359e-01
4.123258590698242188e-01
4.136893749237060547e-01
4.370081424713134766e-01
4.330315589904785156e-01
4.051461219787597656e-01
3.998265266418457031e-01
4.328520298004150391e-01
4.193522930145263672e-01
4.079747200012207031e-01
4.169905185699462891e-01
4.218013286590576172e-01
4.258441925048828125e-01
4.096877574920654297e-01
4.156763553619384766e-01
4.101462364196777344e-01
3.992393016815185547e-01
4.029440879821777344e-01
4.429497718811035156e-01
4.100375175476074219e-01
4.186728000640869141e-01
4.178686141967773438e-01
4.285078048706054688e-01
4.194536209106445312e-01
4.227111339569091797e-01
4.095740318298339844e-01
4.182481765747070312e-01
4.144802093505859375e-01
4.137055873870849609e-01
4.327318668365478516e-01
4.196972846984863281e-01
4.249010086059570312e-01
4.111487865447998047e-01
4.289605617523193359e-01
4.239568710327148438e-01
4.142084121704101562e-01
4.328095912933349609e-01
4.186422824859619141e-01
4.222300052642822266e-01
4.167687892913818359e-01
4.139120578765869141e-01
4.090983867645263672e-01
4.169723987579345703e-01
4.059522151947021484e-01
4.048941135406494141e-01
4.129598140716552734e-01
4.047782421112060547e-01
4.633848667144775391e-01
4.368655681610107422e-01
4.096655845642089844e-01
4.192671775817871094e-01
4.088823795318603516e-01
4.170415401458740234e-01
3.352334499359130859e-01
3.423049449920654297e-01
4.259495735168457031e-01
4.235363006591796875e-01
4.044525623321533203e-01
4.137713909149169922e-01
4.104104042053222656e-01
4.256064891815185547e-01
4.222974777221679688e-01
4.027867317199707031e-01
4.061272144317626953e-01
4.325802326202392578e-01
4.301774501800537109e-01
4.070298671722412109e-01
4.139304161071777344e-01
4.185945987701416016e-01
4.120664596557617188e-01
4.204573631286621094e-01
4.160118103027343750e-01
4.176671504974365234e-01
4.112124443054199219e-01
4.097173213958740234e-01
4.138641357421875000e-01
4.222395420074462891e-01
4.110314846038818359e-01
4.185681343078613281e-01
4.123857021331787109e-01
4.339816570281982422e-01
4.143025875091552734e-01
4.121427536010742188e-01
4.101891517639160156e-01
4.265043735504150391e-01
4.165730476379394531e-01
4.092888832092285156e-01
4.114019870758056641e-01
4.159014225006103516e-01
4.210076332092285156e-01
4.079775810241699219e-01
4.138031005859375000e-01
4.100260734558105469e-01
4.061810970306396484e-01
4.136831760406494141e-01
4.231650829315185547e-01
4.225263595581054688e-01
4.237878322601318359e-01
4.192929267883300781e-01
4.157598018646240234e-01
4.305636882781982422e-01
4.252440929412841797e-01
4.108588695526123047e-01
4.405140876770019531e-01
4.170830249786376953e-01
4.111311435699462891e-01
4.257078170776367188e-01
4.312174320220947266e-01
