0.209547758102417
0.20868611335754395
0.1817774772644043
0.19365906715393066
0.20180296897888184
0.20344138145446777
0.19617819786071777
0.19925332069396973
0.1838996410369873
0.19452428817749023
0.20656847953796387
0.1936495304107666
0.2178211212158203
0.21099424362182617
0.20946383476257324
0.21550774574279785
0.21660184860229492
0.20072007179260254
0.16781258583068848
0.21796011924743652
0.19350004196166992
0.2044079303741455
0.19226956367492676
0.19144415855407715
0.20200777053833008
0.192122220993042
0.18749547004699707
0.18057560920715332
0.19121360778808594
0.20115447044372559
0.21288228034973145
0.18358182907104492
0.2385256290435791
0.20935273170471191
0.20767974853515625
0.19327664375305176
0.20076322555541992
0.18516898155212402
0.21842718124389648
0.1942915916442871
0.23290538787841797
0.19588780403137207
0.19359755516052246
0.23685717582702637
0.2250347137451172
0.244917631149292
0.24392461776733398
0.23596811294555664
0.2632145881652832
0.19132781028747559
0.21226048469543457
0.19320273399353027
0.19329357147216797
0.23789024353027344
0.2165522575378418
0.21030569076538086
0.20496487617492676
0.25075459480285645
0.2002408504486084
0.22504472732543945
0.23961496353149414
0.2319943904876709
0.25649142265319824
0.23321771621704102
0.1971120834350586
0.18346786499023438
0.2279832363128662
0.18655824661254883
0.19890236854553223
0.23155570030212402
0.189896821975708
0.22217750549316406
0.21034717559814453
0.19628524780273438
0.1936800479888916
0.17859315872192383
0.19588351249694824
0.1916522979736328
0.21318554878234863
0.2619471549987793
0.19290685653686523
0.24452900886535645
0.17724204063415527
0.21504688262939453
0.20506715774536133
0.18190288543701172
0.2187211513519287
0.24340534210205078
0.17289018630981445
0.25110650062561035
0.21993374824523926
0.2169046401977539
0.22002530097961426
0.2662217617034912
0.25599026679992676
0.22174930572509766
0.1832287311553955
0.26294374465942383
0.2452077865600586
0.23852157592773438
0.24204444885253906
0.25098085403442383
0.19885921478271484
0.21636366844177246
0.19485688209533691
0.1985323429107666
0.20609545707702637
0.19822096824645996
0.1957385540008545
0.21953797340393066
0.2123093605041504
0.203749418258667
0.21489477157592773
0.20646381378173828
0.18915295600891113
0.21780109405517578
0.2352595329284668
0.24830341339111328
0.2271273136138916
0.18467140197753906
0.23497438430786133
0.2147541046142578
0.1734771728515625
0.18805599212646484
0.19460749626159668
0.1929628849029541
0.1870107650756836
0.1872081756591797
0.18947386741638184
0.17152833938598633
0.18532586097717285
0.2532079219818115
0.1807231903076172
0.1901233196258545
0.1777949333190918
0.23602008819580078
0.18452024459838867
0.22833895683288574
0.17000341415405273
0.20564866065979004
0.1997694969177246
0.20296216011047363
0.23463773727416992
0.25293517112731934
0.25235748291015625
0.20465087890625
0.2131197452545166
0.21204733848571777
0.18393754959106445
0.2320868968963623
0.19920611381530762
0.22127819061279297
0.18703246116638184
0.18718338012695312
0.18196344375610352
0.17817449569702148
0.1922287940979004
0.19495534896850586
0.19665050506591797
0.19681644439697266
0.2485349178314209
0.2680857181549072
0.20258021354675293
0.19660449028015137
0.19330382347106934
0.19385027885437012
0.18086528778076172
0.18237781524658203
0.20403170585632324
0.2201845645904541
0.18276047706604004
0.15887236595153809
0.18317961692810059
0.2154240608215332
0.19297170639038086
0.16931962966918945
0.2005903720855713
0.2257082462310791
0.21738576889038086
0.1903526782989502
0.2035233974456787
0.22768092155456543
0.16260671615600586
0.19002008438110352
0.20259833335876465
0.1998291015625
0.2054767608642578
0.18122363090515137
0.21279525756835938
0.19773483276367188
0.19051361083984375
0.19997549057006836
0.19961762428283691
0.23885583877563477
0.1851804256439209
0.19506406784057617
0.1859743595123291
0.18556857109069824
0.19015049934387207
0.1651763916015625
0.18648719787597656
0.16446256637573242
0.21129298210144043
0.18164348602294922
0.1942887306213379
0.1989457607269287
0.18236112594604492
0.17528343200683594
0.22232675552368164
0.18535208702087402
0.21408820152282715
0.20989561080932617
0.1911914348602295
0.1907811164855957
0.20772600173950195
0.17291474342346191
0.2239701747894287
0.1946728229522705
0.18924641609191895
0.21396327018737793
0.2016463279724121
