4.801018238067626953e-01
4.670755863189697266e-01
4.445257186889648438e-01
4.502050876617431641e-01
4.497258663177490234e-01
4.533793926239013672e-01
4.479222297668457031e-01
4.501976966857910156e-01
4.535915851593017578e-01
4.512224197387695312e-01
4.636850357055664062e-01
4.296073913574218750e-01
4.599568843841552734e-01
4.725375175476074219e-01
4.700188636779785156e-01
4.561700820922851562e-01
4.573256969451904297e-01
4.573006629943847656e-01
4.576108455657958984e-01
4.627449512481689453e-01
4.450263977050781250e-01
4.547722339630126953e-01
4.987690448760986328e-01
4.585590362548828125e-01
4.456746578216552734e-01
4.532377719879150391e-01
4.615290164947509766e-01
4.521789550781250000e-01
4.567167758941650391e-01
5.432951450347900391e-01
4.616377353668212891e-01
4.535634517669677734e-01
4.657926559448242188e-01
4.663729667663574219e-01
4.677963256835937500e-01
4.567468166351318359e-01
4.443569183349609375e-01
4.445559978485107422e-01
4.588422775268554688e-01
3.740980625152587891e-01
3.874120712280273438e-01
4.542675018310546875e-01
4.542441368103027344e-01
4.835405349731445312e-01
4.578425884246826172e-01
4.614026546478271484e-01
4.766583442687988281e-01
4.877870082855224609e-01
4.787645339965820312e-01
4.549663066864013672e-01
4.656016826629638672e-01
4.555215835571289062e-01
4.539692401885986328e-01
4.731960296630859375e-01
4.705293178558349609e-01
4.623529911041259766e-01
4.549338817596435547e-01
4.692540168762207031e-01
4.603009223937988281e-01
4.476332664489746094e-01
4.821619987487792969e-01
4.603068828582763672e-01
4.654743671417236328e-01
4.875793457031250000e-01
4.599895477294921875e-01
4.596538543701171875e-01
4.491539001464843750e-01
4.540054798126220703e-01
4.576599597930908203e-01
4.713881015777587891e-01
4.459414482116699219e-01
4.580960273742675781e-01
4.654910564422607422e-01
4.523005485534667969e-01
4.476683139801025391e-01
4.402718544006347656e-01
4.471163749694824219e-01
4.680683612823486328e-01
4.641532897949218750e-01
4.497032165527343750e-01
4.586303234100341797e-01
4.705152511596679688e-01
4.496228694915771484e-01
4.488844871520996094e-01
4.548671245574951172e-01
4.482450485229492188e-01
4.535109996795654297e-01
4.903163909912109375e-01
4.503865242004394531e-01
4.684150218963623047e-01
4.592642784118652344e-01
4.599106311798095703e-01
4.608111381530761719e-01
4.760694503784179688e-01
4.880743026733398438e-01
4.612796306610107422e-01
4.522769451141357422e-01
4.760098457336425781e-01
4.523508548736572266e-01
4.271464347839355469e-01
4.817748069763183594e-01
4.576683044433593750e-01
4.610385894775390625e-01
4.512665271759033203e-01
4.451985359191894531e-01
4.490854740142822266e-01
4.688055515289306641e-01
4.423532485961914062e-01
4.543325901031494141e-01
4.746317863464355469e-01
4.514901638031005859e-01
4.514334201812744141e-01
4.585020542144775391e-01
4.529619216918945312e-01
4.372096061706542969e-01
4.587690830230712891e-01
4.649670124053955078e-01
4.733731746673583984e-01
4.376978874206542969e-01
4.389450550079345703e-01
4.622738361358642578e-01
4.540312290191650391e-01
4.411013126373291016e-01
4.606931209564208984e-01
4.536888599395751953e-01
4.475204944610595703e-01
4.569976329803466797e-01
4.463756084442138672e-01
4.474959373474121094e-01
4.569399356842041016e-01
4.403173923492431641e-01
4.885284900665283203e-01
5.183608531951904297e-01
4.577119350433349609e-01
4.466433525085449219e-01
4.859662055969238281e-01
4.461669921875000000e-01
4.670119285583496094e-01
4.534552097320556641e-01
4.455952644348144531e-01
4.468262195587158203e-01
4.755735397338867188e-01
4.676148891448974609e-01
4.777290821075439453e-01
4.693858623504638672e-01
4.577031135559082031e-01
4.464514255523681641e-01
4.590997695922851562e-01
4.528326988220214844e-01
4.659700393676757812e-01
4.521591663360595703e-01
4.614226818084716797e-01
4.856154918670654297e-01
4.958403110504150391e-01
4.376373291015625000e-01
4.404671192169189453e-01
4.616470336914062500e-01
4.450786113739013672e-01
4.630880355834960938e-01
4.463686943054199219e-01
4.642453193664550781e-01
4.705946445465087891e-01
4.498667716979980469e-01
4.555106163024902344e-01
4.486286640167236328e-01
4.528615474700927734e-01
4.528052806854248047e-01
4.500293731689453125e-01
4.650251865386962891e-01
4.609401226043701172e-01
4.549136161804199219e-01
4.481649398803710938e-01
4.540452957153320312e-01
4.638385772705078125e-01
4.569597244262695312e-01
4.499843120574951172e-01
4.499440193176269531e-01
4.598927497863769531e-01
4.637553691864013672e-01
4.625971317291259766e-01
4.528372287750244141e-01
4.668378829956054688e-01
4.529922008514404297e-01
4.564237594604492188e-01
4.505715370178222656e-01
4.535238742828369141e-01
4.663598537445068359e-01
4.645707607269287109e-01
4.602782726287841797e-01
4.324247837066650391e-01
4.625051021575927734e-01
4.480373859405517578e-01
4.641621112823486328e-01
4.596328735351562500e-01
4.494545459747314453e-01
4.496140480041503906e-01
4.565587043762207031e-01
4.550347328186035156e-01
4.653162956237792969e-01
4.424743652343750000e-01
4.638006687164306641e-01
4.499719142913818359e-01
4.473483562469482422e-01
4.522013664245605469e-01
4.473803043365478516e-01
4.610490798950195312e-01
4.509575366973876953e-01
4.552898406982421875e-01
4.644119739532470703e-01
4.490113258361816406e-01
4.559781551361083984e-01
4.699268341064453125e-01
4.538280963897705078e-01
4.461150169372558594e-01
4.565260410308837891e-01
4.512348175048828125e-01
4.556522369384765625e-01
4.646122455596923828e-01
4.528586864471435547e-01
4.564402103424072266e-01
4.616818428039550781e-01
