0.22642230987548828
0.20358777046203613
0.19085454940795898
0.1987597942352295
0.20228338241577148
0.2109816074371338
0.21418356895446777
0.20411944389343262
0.18433022499084473
0.20522642135620117
0.2317495346069336
0.20171046257019043
0.2130112648010254
0.213026762008667
0.22296714782714844
0.221785306930542
0.21903419494628906
0.2092900276184082
0.17830348014831543
0.18643832206726074
0.19141077995300293
0.21124720573425293
0.19532060623168945
0.19710326194763184
0.22330141067504883
0.21447300910949707
0.18691325187683105
0.1910400390625
0.18851685523986816
0.19933795928955078
0.22244501113891602
0.20192337036132812
0.23925137519836426
0.20316100120544434
0.20747065544128418
0.20101308822631836
0.19240236282348633
0.19304203987121582
0.21243500709533691
0.20714211463928223
0.19622039794921875
0.19547533988952637
0.20430350303649902
0.2573380470275879
0.241668701171875
0.2502725124359131
0.2529325485229492
0.24200749397277832
0.23745989799499512
0.19497227668762207
0.2203669548034668
0.19315719604492188
0.20741701126098633
0.24768280982971191
0.2313671112060547
0.21931767463684082
0.19850850105285645
0.2590036392211914
0.19695687294006348
0.1806321144104004
0.24272775650024414
0.2368001937866211
0.24614381790161133
0.24187135696411133
0.19930768013000488
0.20305943489074707
0.23659181594848633
0.18573904037475586
0.21299958229064941
0.23626208305358887
0.20608830451965332
0.23656511306762695
0.20153093338012695
0.19435811042785645
0.2158210277557373
0.18386077880859375
0.18260908126831055
0.1956007480621338
0.24329519271850586
0.239670991897583
0.18892931938171387
0.24666118621826172
0.18452048301696777
0.2164442539215088
0.2145857810974121
0.19517207145690918
0.21999096870422363
0.2365126609802246
0.18369507789611816
0.2801837921142578
0.23021626472473145
0.22107434272766113
0.21959376335144043
0.26372766494750977
0.25228118896484375
0.21522021293640137
0.19568181037902832
0.25568366050720215
0.21226859092712402
0.24143385887145996
0.24209856986999512
0.25154972076416016
0.2039928436279297
0.22307682037353516
0.19341635704040527
0.20673704147338867
0.20015692710876465
0.19513201713562012
0.1934952735900879
0.22307157516479492
0.1918802261352539
0.21233749389648438
0.2153029441833496
0.2036581039428711
0.20030426979064941
0.2227177619934082
0.25366640090942383
0.24822688102722168
0.1924433708190918
0.1936194896697998
0.23595929145812988
0.21434307098388672
0.19022011756896973
0.20760369300842285
0.18924283981323242
0.1958935260772705
0.19221949577331543
0.18901300430297852
0.1933765411376953
0.20311594009399414
0.18767404556274414
0.2387406826019287
0.18513751029968262
0.19108796119689941
0.176849365234375
0.24175643920898438
0.18557286262512207
0.23346781730651855
0.19301438331604004
0.19468212127685547
0.20896577835083008
0.2207481861114502
0.24739527702331543
0.25539636611938477
0.24502158164978027
0.222076416015625
0.21652007102966309
0.20830130577087402
0.21068716049194336
0.25575995445251465
0.20891213417053223
0.24229931831359863
0.19463133811950684
0.18891334533691406
0.1909036636352539
0.18160057067871094
0.1988978385925293
0.20241665840148926
0.198927640914917
0.18925738334655762
0.258059024810791
0.24653077125549316
0.20697355270385742
0.1978161334991455
0.19808316230773926
0.2026214599609375
0.1900496482849121
0.18436479568481445
0.20880961418151855
0.2755699157714844
0.1966538429260254
0.17249417304992676
0.1885395050048828
0.23230814933776855
0.20142769813537598
0.1871967315673828
0.20807671546936035
0.23197245597839355
0.23512625694274902
0.2084188461303711
0.19642329216003418
0.24481940269470215
0.18074464797973633
0.21008563041687012
0.2011096477508545
0.21012330055236816
0.2071239948272705
0.20094013214111328
0.21886515617370605
0.2223072052001953
0.20496439933776855
0.22054266929626465
0.21871376037597656
0.2283496856689453
0.20318984985351562
0.20101261138916016
0.19800782203674316
0.19898772239685059
0.19025945663452148
0.18821501731872559
0.20536565780639648
0.17284297943115234
0.17943096160888672
0.19132351875305176
0.20535969734191895
0.20842456817626953
0.18453264236450195
0.1831648349761963
0.22199606895446777
0.18822407722473145
0.22699594497680664
0.21196985244750977
0.19951367378234863
0.20100116729736328
0.21036767959594727
0.1821765899658203
0.2215418815612793
0.18901515007019043
0.19542789459228516
0.2028205394744873
0.20317578315734863
