4.390661716461181641e-01
4.055516719818115234e-01
3.930802345275878906e-01
5.016195774078369141e-01
4.190492630004882812e-01
3.953235149383544922e-01
4.047219753265380859e-01
4.004578590393066406e-01
4.121005535125732422e-01
3.859143257141113281e-01
4.238970279693603516e-01
4.000217914581298828e-01
4.041750431060791016e-01
4.215958118438720703e-01
3.973369598388671875e-01
4.345352649688720703e-01
4.161064624786376953e-01
4.000756740570068359e-01
3.938393592834472656e-01
3.854117393493652344e-01
3.869011402130126953e-01
4.064097404479980469e-01
3.948159217834472656e-01
3.973455429077148438e-01
4.001145362854003906e-01
4.051342010498046875e-01
3.987185955047607422e-01
4.830734729766845703e-01
3.885197639465332031e-01
3.856728076934814453e-01
3.909118175506591797e-01
3.826863765716552734e-01
4.115951061248779297e-01
3.870389461517333984e-01
4.133155345916748047e-01
3.953433036804199219e-01
3.899900913238525391e-01
4.008278846740722656e-01
4.061102867126464844e-01
4.014761447906494141e-01
4.711551666259765625e-01
3.964877128601074219e-01
3.987390995025634766e-01
4.178106784820556641e-01
4.058334827423095703e-01
4.136240482330322266e-01
4.246904850006103516e-01
4.247939586639404297e-01
4.113364219665527344e-01
3.936843872070312500e-01
3.992986679077148438e-01
3.978595733642578125e-01
4.287168979644775391e-01
4.143326282501220703e-01
4.100599288940429688e-01
4.064557552337646484e-01
4.043862819671630859e-01
4.221241474151611328e-01
4.088685512542724609e-01
4.046916961669921875e-01
4.122140407562255859e-01
4.047009944915771484e-01
4.211647510528564453e-01
4.130594730377197266e-01
4.745509624481201172e-01
4.083900451660156250e-01
4.052700996398925781e-01
3.982114791870117188e-01
4.032106399536132812e-01
4.093565940856933594e-01
3.943223953247070312e-01
4.151802062988281250e-01
3.938541412353515625e-01
4.016544818878173828e-01
3.844239711761474609e-01
3.916945457458496094e-01
3.897604942321777344e-01
4.114718437194824219e-01
4.029631614685058594e-01
3.994379043579101562e-01
4.093947410583496094e-01
4.168217182159423828e-01
3.888061046600341797e-01
4.164721965789794922e-01
4.065241813659667969e-01
4.055740833282470703e-01
3.967506885528564453e-01
4.087822437286376953e-01
3.906092643737792969e-01
4.048869609832763672e-01
3.933627605438232422e-01
3.896565437316894531e-01
3.944556713104248047e-01
4.281556606292724609e-01
4.203701019287109375e-01
4.039795398712158203e-01
3.899283409118652344e-01
4.134345054626464844e-01
4.101457595825195312e-01
4.187245368957519531e-01
4.281554222106933594e-01
4.211189746856689453e-01
3.919837474822998047e-01
3.976747989654541016e-01
3.995814323425292969e-01
3.993504047393798828e-01
3.923938274383544922e-01
3.997976779937744141e-01
3.899397850036621094e-01
4.057276248931884766e-01
3.938014507293701172e-01
4.022829532623291016e-01
4.043426513671875000e-01
4.090247154235839844e-01
3.845527172088623047e-01
4.122366905212402344e-01
4.177627563476562500e-01
3.917591571807861328e-01
3.923435211181640625e-01
4.068489074707031250e-01
4.121084213256835938e-01
4.076042175292968750e-01
3.895854949951171875e-01
3.934719562530517578e-01
3.900227546691894531e-01
3.809638023376464844e-01
3.998041152954101562e-01
4.054596424102783203e-01
4.052083492279052734e-01
4.027221202850341797e-01
3.958935737609863281e-01
4.102916717529296875e-01
3.956880569458007812e-01
4.000537395477294922e-01
3.922781944274902344e-01
4.094092845916748047e-01
3.995494842529296875e-01
4.133815765380859375e-01
4.002814292907714844e-01
4.185557365417480469e-01
3.989615440368652344e-01
4.124565124511718750e-01
4.141016006469726562e-01
4.222259521484375000e-01
4.200842380523681641e-01
4.126729965209960938e-01
4.065167903900146484e-01
4.076037406921386719e-01
4.049918651580810547e-01
4.102106094360351562e-01
4.057259559631347656e-01
4.183616638183593750e-01
3.935639858245849609e-01
3.984742164611816406e-01
3.891434669494628906e-01
4.006497859954833984e-01
3.969674110412597656e-01
4.041469097137451172e-01
3.952775001525878906e-01
3.957855701446533203e-01
4.200971126556396484e-01
4.205691814422607422e-01
4.014446735382080078e-01
4.021198749542236328e-01
4.118804931640625000e-01
4.102585315704345703e-01
4.025838375091552734e-01
3.976342678070068359e-01
4.184002876281738281e-01
4.242000579833984375e-01
4.107325077056884766e-01
3.949799537658691406e-01
3.977451324462890625e-01
4.011743068695068359e-01
3.818848133087158203e-01
4.030046463012695312e-01
4.080169200897216797e-01
4.102115631103515625e-01
3.944406509399414062e-01
4.011244773864746094e-01
4.020016193389892578e-01
4.279665946960449219e-01
3.978705406188964844e-01
4.050457477569580078e-01
4.069356918334960938e-01
4.031851291656494141e-01
4.107487201690673828e-01
4.067094326019287109e-01
4.106469154357910156e-01
4.051952362060546875e-01
4.496233463287353516e-01
4.043810367584228516e-01
4.121594429016113281e-01
4.200646877288818359e-01
4.125857353210449219e-01
4.024405479431152344e-01
3.996582031250000000e-01
4.065041542053222656e-01
4.086954593658447266e-01
4.005463123321533203e-01
4.017100334167480469e-01
4.061019420623779297e-01
4.143984317779541016e-01
4.060811996459960938e-01
4.092688560485839844e-01
3.980238437652587891e-01
3.979001045227050781e-01
4.019641876220703125e-01
4.134964942932128906e-01
4.028828144073486328e-01
4.011919498443603516e-01
4.049949645996093750e-01
4.184279441833496094e-01
4.116744995117187500e-01
4.108586311340332031e-01
4.006941318511962891e-01
4.432220458984375000e-01
4.051947593688964844e-01
3.867001533508300781e-01
4.122254848480224609e-01
4.035723209381103516e-01
