4.002823829650878906e-01
3.979728221893310547e-01
3.948316574096679688e-01
3.913705348968505859e-01
4.038052558898925781e-01
3.874473571777343750e-01
3.964774608612060547e-01
4.018666744232177734e-01
3.972117900848388672e-01
4.045083522796630859e-01
4.099404811859130859e-01
3.982419967651367188e-01
4.156963825225830078e-01
4.152305126190185547e-01
4.202563762664794922e-01
4.096331596374511719e-01
4.416935443878173828e-01
4.117708206176757812e-01
3.951342105865478516e-01
3.930175304412841797e-01
3.906953334808349609e-01
3.939192295074462891e-01
4.208798408508300781e-01
4.057974815368652344e-01
3.982930183410644531e-01
3.941528797149658203e-01
4.041280746459960938e-01
4.103200435638427734e-01
4.045512676239013672e-01
4.083709716796875000e-01
4.163625240325927734e-01
3.926196098327636719e-01
4.142465591430664062e-01
4.012100696563720703e-01
4.087569713592529297e-01
4.059748649597167969e-01
3.980929851531982422e-01
3.997654914855957031e-01
4.215457439422607422e-01
4.093506336212158203e-01
3.938951492309570312e-01
3.862287998199462891e-01
3.941605091094970703e-01
4.243404865264892578e-01
4.128277301788330078e-01
3.516354560852050781e-01
4.175865650177001953e-01
4.224765300750732422e-01
4.031376838684082031e-01
3.870532512664794922e-01
4.017899036407470703e-01
4.083762168884277344e-01
4.112827777862548828e-01
4.222741127014160156e-01
4.099853038787841797e-01
3.898599147796630859e-01
4.040973186492919922e-01
4.225931167602539062e-01
4.072535037994384766e-01
4.143240451812744141e-01
4.380929470062255859e-01
3.990404605865478516e-01
4.081981182098388672e-01
4.186286926269531250e-01
4.002718925476074219e-01
3.987963199615478516e-01
4.081938266754150391e-01
4.003987312316894531e-01
3.985688686370849609e-01
4.080605506896972656e-01
3.965766429901123047e-01
4.217424392700195312e-01
4.078714847564697266e-01
3.899621963500976562e-01
4.179124832153320312e-01
4.022188186645507812e-01
3.983085155487060547e-01
4.020099639892578125e-01
4.079658985137939453e-01
4.094765186309814453e-01
4.058558940887451172e-01
4.133782386779785156e-01
4.046535491943359375e-01
4.147453308105468750e-01
4.094517230987548828e-01
3.875775337219238281e-01
4.095864295959472656e-01
4.074883460998535156e-01
4.024026393890380859e-01
4.153571128845214844e-01
4.013195037841796875e-01
4.016880989074707031e-01
4.080531597137451172e-01
4.019079208374023438e-01
4.090044498443603516e-01
4.024193286895751953e-01
3.993432521820068359e-01
4.219555854797363281e-01
4.040784835815429688e-01
4.155910015106201172e-01
4.090635776519775391e-01
4.416277408599853516e-01
4.119462966918945312e-01
3.958809375762939453e-01
3.946285247802734375e-01
4.091451168060302734e-01
3.934605121612548828e-01
3.979086875915527344e-01
3.986804485321044922e-01
4.159240722656250000e-01
4.140660762786865234e-01
4.057071208953857422e-01
4.092769622802734375e-01
4.128344058990478516e-01
4.081332683563232422e-01
4.018893241882324219e-01
4.116377830505371094e-01
4.172050952911376953e-01
4.056072235107421875e-01
3.954651355743408203e-01
4.032480716705322266e-01
3.937871456146240234e-01
4.109401702880859375e-01
3.948264122009277344e-01
3.898363113403320312e-01
4.092292785644531250e-01
4.071981906890869141e-01
3.995766639709472656e-01
3.956990242004394531e-01
4.066996574401855469e-01
3.963334560394287109e-01
4.239366054534912109e-01
4.017133712768554688e-01
3.937945365905761719e-01
3.941028118133544922e-01
4.261181354522705078e-01
3.982813358306884766e-01
4.271898269653320312e-01
4.042842388153076172e-01
4.027552604675292969e-01
4.142663478851318359e-01
4.171354770660400391e-01
4.211316108703613281e-01
4.052388668060302734e-01
4.266679286956787109e-01
4.079353809356689453e-01
4.007256031036376953e-01
3.938565254211425781e-01
3.940715789794921875e-01
4.270269870758056641e-01
4.056904315948486328e-01
4.091391563415527344e-01
3.831143379211425781e-01
4.066696166992187500e-01
3.876318931579589844e-01
3.895983695983886719e-01
4.022717475891113281e-01
4.040467739105224609e-01
4.072871208190917969e-01
4.185578823089599609e-01
4.133191108703613281e-01
4.189429283142089844e-01
3.902575969696044922e-01
3.962917327880859375e-01
4.020817279815673828e-01
3.959140777587890625e-01
3.998341560363769531e-01
4.000413417816162109e-01
4.003856182098388672e-01
4.150357246398925781e-01
4.122514724731445312e-01
3.963847160339355469e-01
3.906829357147216797e-01
4.222922325134277344e-01
4.103610515594482422e-01
4.389364719390869141e-01
3.982360363006591797e-01
4.038801193237304688e-01
4.169812202453613281e-01
4.050400257110595703e-01
4.100680351257324219e-01
4.102497100830078125e-01
3.990187644958496094e-01
4.111907482147216797e-01
4.025766849517822266e-01
4.071335792541503906e-01
4.049606323242187500e-01
4.109594821929931641e-01
4.099397659301757812e-01
4.063858985900878906e-01
4.069495201110839844e-01
4.116349220275878906e-01
3.961200714111328125e-01
3.722605705261230469e-01
4.067263603210449219e-01
4.052414894104003906e-01
4.001286029815673828e-01
4.032449722290039062e-01
4.036583900451660156e-01
4.018843173980712891e-01
4.002876281738281250e-01
4.026229381561279297e-01
4.078552722930908203e-01
3.957116603851318359e-01
4.082400798797607422e-01
4.117987155914306641e-01
3.899989128112792969e-01
3.927071094512939453e-01
4.086558818817138672e-01
4.004054069519042969e-01
4.073462486267089844e-01
4.179606437683105469e-01
4.117348194122314453e-01
4.173464775085449219e-01
4.044137001037597656e-01
4.108338356018066406e-01
4.110600948333740234e-01
3.967957496643066406e-01
3.964195251464843750e-01
3.958799839019775391e-01
4.141323566436767578e-01
