0.23429608345031738
0.20899105072021484
0.2076423168182373
0.21707892417907715
0.2212834358215332
0.21819043159484863
0.2186574935913086
0.21803903579711914
0.20712494850158691
0.2269144058227539
0.21822834014892578
0.22658562660217285
0.24632501602172852
0.23032879829406738
0.23423099517822266
0.24808049201965332
0.23428082466125488
0.2281041145324707
0.19727873802185059
0.21344494819641113
0.20767807960510254
0.22188329696655273
0.22496366500854492
0.21902108192443848
0.2209789752960205
0.21698236465454102
0.2121903896331787
0.21163249015808105
0.20334720611572266
0.20841717720031738
0.23399806022644043
0.21451663970947266
0.259446382522583
0.24289941787719727
0.24055123329162598
0.20339012145996094
0.21622443199157715
0.2211766242980957
0.23353791236877441
0.21585369110107422
0.2174077033996582
0.21572017669677734
0.22043442726135254
0.27704286575317383
0.23950743675231934
0.261676549911499
0.2690286636352539
0.26406383514404297
0.27658987045288086
0.22462987899780273
0.21348118782043457
0.22793841361999512
0.22194528579711914
0.2756669521331787
0.24232053756713867
0.21589446067810059
0.21366357803344727
0.260162353515625
0.21979594230651855
0.20370197296142578
0.2609999179840088
0.36730384826660156
0.26375293731689453
0.24612808227539062
0.21070170402526855
0.19798612594604492
0.23632192611694336
0.19914674758911133
0.23966479301452637
0.24416446685791016
0.20695734024047852
0.22783756256103516
0.21543169021606445
0.20924067497253418
0.21025824546813965
0.20267152786254883
0.1888720989227295
0.21008062362670898
0.23720860481262207
0.24070215225219727
0.21092724800109863
0.2612912654876709
0.20585227012634277
0.22537016868591309
0.22873926162719727
0.20270729064941406
0.2253110408782959
0.25203394889831543
0.18885493278503418
0.26935243606567383
0.2246999740600586
0.2217268943786621
0.2406444549560547
0.277604341506958
0.2595531940460205
0.22259068489074707
0.20413780212402344
0.28226184844970703
0.2238626480102539
0.24994468688964844
0.2559165954589844
0.2670111656188965
0.21626758575439453
0.23200058937072754
0.20862150192260742
0.21661663055419922
0.20887279510498047
0.20001912117004395
0.22135090827941895
0.23796510696411133
0.2161571979522705
0.24071264266967773
0.2384319305419922
0.22581815719604492
0.20344066619873047
0.2416231632232666
0.26467132568359375
0.2642972469329834
0.21712350845336914
0.21384954452514648
0.2526094913482666
0.22634315490722656
0.20874261856079102
0.24112534523010254
0.20876812934875488
0.20942139625549316
0.21072602272033691
0.2178053855895996
0.2059321403503418
0.2084672451019287
0.2000737190246582
0.25194430351257324
0.19678497314453125
0.2053227424621582
0.20898723602294922
0.25639796257019043
0.20589685440063477
0.23711776733398438
0.20992088317871094
0.25478363037109375
0.22989964485168457
0.22579479217529297
0.26479220390319824
0.26906275749206543
0.27461695671081543
0.24749088287353516
0.22443771362304688
0.24058246612548828
0.20805907249450684
0.2649655342102051
0.22001218795776367
0.25168561935424805
0.22837519645690918
0.2195148468017578
0.1936171054840088
0.20041990280151367
0.2152080535888672
0.23520994186401367
0.22530126571655273
0.23167109489440918
0.26880383491516113
0.26578330993652344
0.21807026863098145
0.2142620086669922
0.22481274604797363
0.21955490112304688
0.2272322177886963
0.21989202499389648
0.2433474063873291
0.25133705139160156
0.2088932991027832
0.17510604858398438
0.20433759689331055
0.24863672256469727
0.20761346817016602
0.2078096866607666
0.239532470703125
0.24611902236938477
0.26114583015441895
0.22318029403686523
0.21091818809509277
0.24941062927246094
0.19892621040344238
0.24297213554382324
0.20657968521118164
0.2176222801208496
0.2529470920562744
0.2261364459991455
0.24353599548339844
0.2232809066772461
0.22100830078125
0.23349380493164062
0.2280254364013672
0.26899170875549316
0.24848318099975586
0.2338700294494629
0.21600842475891113
0.21658754348754883
0.234419584274292
0.20465373992919922
0.22785472869873047
0.19400644302368164
0.2044692039489746
0.19750213623046875
0.21724915504455566
0.22799897193908691
0.21869874000549316
0.209608793258667
0.23053550720214844
0.2008814811706543
0.24222087860107422
0.21694707870483398
0.21103692054748535
0.22960424423217773
0.245100736618042
0.20519804954528809
0.2446761131286621
0.21720385551452637
0.19698834419250488
0.2281792163848877
0.22585701942443848
