4.407114982604980469e-01
4.177160263061523438e-01
4.331223964691162109e-01
4.255578517913818359e-01
4.329204559326171875e-01
4.151997566223144531e-01
4.152350425720214844e-01
4.304411411285400391e-01
4.244477748870849609e-01
4.311366081237792969e-01
4.303793907165527344e-01
4.381387233734130859e-01
4.390726089477539062e-01
4.544553756713867188e-01
4.371774196624755859e-01
4.332909584045410156e-01
4.338300228118896484e-01
4.265997409820556641e-01
4.351031780242919922e-01
4.380819797515869141e-01
4.299144744873046875e-01
4.337425231933593750e-01
4.231488704681396484e-01
4.294245243072509766e-01
4.303202629089355469e-01
4.279732704162597656e-01
4.253082275390625000e-01
4.206783771514892578e-01
4.377045631408691406e-01
4.308407306671142578e-01
4.323391914367675781e-01
4.154300689697265625e-01
4.412252902984619141e-01
4.211356639862060547e-01
4.498798847198486328e-01
4.169449806213378906e-01
4.229571819305419922e-01
4.290151596069335938e-01
4.447152614593505859e-01
4.313402175903320312e-01
4.379024505615234375e-01
4.270009994506835938e-01
4.298388957977294922e-01
4.411113262176513672e-01
4.380199909210205078e-01
4.474370479583740234e-01
4.483602046966552734e-01
4.440622329711914062e-01
4.720423221588134766e-01
4.157593250274658203e-01
4.121704101562500000e-01
4.327156543731689453e-01
4.279751777648925781e-01
4.529340267181396484e-01
4.279084205627441406e-01
4.339208602905273438e-01
4.318659305572509766e-01
4.348378181457519531e-01
4.375152587890625000e-01
4.271957874298095703e-01
4.502933025360107422e-01
4.319956302642822266e-01
4.654810428619384766e-01
4.374289512634277344e-01
4.202346801757812500e-01
4.321899414062500000e-01
4.346663951873779297e-01
4.306130409240722656e-01
4.194700717926025391e-01
4.323954582214355469e-01
4.204423427581787109e-01
4.685416221618652344e-01
4.244592189788818359e-01
4.234580993652343750e-01
4.177856445312500000e-01
4.159271717071533203e-01
4.235234260559082031e-01
4.206688404083251953e-01
4.439365863800048828e-01
4.454967975616455078e-01
4.207963943481445312e-01
4.507384300231933594e-01
4.128799438476562500e-01
4.339582920074462891e-01
4.360547065734863281e-01
4.227845668792724609e-01
4.336447715759277344e-01
4.368643760681152344e-01
4.319288730621337891e-01
3.574137687683105469e-01
3.561177253723144531e-01
4.196000099182128906e-01
4.376633167266845703e-01
4.510140419006347656e-01
4.471249580383300781e-01
4.302873611450195312e-01
4.516258239746093750e-01
4.420011043548583984e-01
4.242770671844482422e-01
4.367291927337646484e-01
4.401712417602539062e-01
4.320740699768066406e-01
4.292893409729003906e-01
4.435484409332275391e-01
4.278428554534912109e-01
4.175643920898437500e-01
4.361009597778320312e-01
4.295310974121093750e-01
4.177355766296386719e-01
4.497132301330566406e-01
4.137883186340332031e-01
4.345691204071044922e-01
4.184484481811523438e-01
4.394383430480957031e-01
4.196891784667968750e-01
4.394152164459228516e-01
4.357984066009521484e-01
4.456925392150878906e-01
4.314134120941162109e-01
4.375202655792236328e-01
4.324049949645996094e-01
4.274747371673583984e-01
4.372103214263916016e-01
4.359390735626220703e-01
4.247088432312011719e-01
4.339396953582763672e-01
4.260115623474121094e-01
4.349095821380615234e-01
4.119598865509033203e-01
4.300074577331542969e-01
4.299011230468750000e-01
4.420237541198730469e-01
4.208936691284179688e-01
4.220211505889892578e-01
4.172909259796142578e-01
4.513516426086425781e-01
4.200618267059326172e-01
4.372019767761230469e-01
4.407286643981933594e-01
4.239823818206787109e-01
4.331891536712646484e-01
4.578862190246582031e-01
4.332749843597412109e-01
4.323515892028808594e-01
4.438512325286865234e-01
4.328291416168212891e-01
4.361102581024169922e-01
4.329388141632080078e-01
4.384708404541015625e-01
4.576785564422607422e-01
4.298686981201171875e-01
4.520900249481201172e-01
4.349577426910400391e-01
4.211292266845703125e-01
4.304065704345703125e-01
4.357290267944335938e-01
4.400391578674316406e-01
4.279179573059082031e-01
4.233090877532958984e-01
4.400622844696044922e-01
4.414141178131103516e-01
4.371254444122314453e-01
4.299435615539550781e-01
4.302651882171630859e-01
4.360301494598388672e-01
4.304609298706054688e-01
4.368126392364501953e-01
4.286041259765625000e-01
4.302899837493896484e-01
4.415130615234375000e-01
4.199888706207275391e-01
4.323322772979736328e-01
4.143161773681640625e-01
4.464573860168457031e-01
4.185292720794677734e-01
4.383747577667236328e-01
4.429435729980468750e-01
4.451191425323486328e-01
4.435429573059082031e-01
4.321587085723876953e-01
4.208850860595703125e-01
4.488670825958251953e-01
4.262626171112060547e-01
4.311242103576660156e-01
4.385256767272949219e-01
4.317259788513183594e-01
4.327037334442138672e-01
4.403574466705322266e-01
4.321897029876708984e-01
4.337713718414306641e-01
4.295058250427246094e-01
4.189982414245605469e-01
4.294841289520263672e-01
4.430360794067382812e-01
4.333202838897705078e-01
4.282538890838623047e-01
4.326472282409667969e-01
4.235386848449707031e-01
4.411883354187011719e-01
4.311122894287109375e-01
4.297244548797607422e-01
4.219062328338623047e-01
4.211902618408203125e-01
4.274899959564208984e-01
4.401640892028808594e-01
4.347970485687255859e-01
4.408991336822509766e-01
4.337952136993408203e-01
4.373688697814941406e-01
4.141786098480224609e-01
4.749393463134765625e-01
4.430534839630126953e-01
4.405777454376220703e-01
4.407939910888671875e-01
4.414377212524414062e-01
4.300429821014404297e-01
4.264461994171142578e-01
4.184646606445312500e-01
4.291052818298339844e-01
4.262197017669677734e-01
4.364421367645263672e-01
