4.293847084045410156e-01
4.255299568176269531e-01
4.240570068359375000e-01
4.118647575378417969e-01
4.131772518157958984e-01
4.258718490600585938e-01
4.246802330017089844e-01
4.160530567169189453e-01
4.172010421752929688e-01
4.289283752441406250e-01
4.390773773193359375e-01
4.329404830932617188e-01
4.161815643310546875e-01
4.307582378387451172e-01
4.247620105743408203e-01
4.160618782043457031e-01
3.893623352050781250e-01
3.483514785766601562e-01
4.172959327697753906e-01
4.159901142120361328e-01
4.010384082794189453e-01
4.227004051208496094e-01
4.156663417816162109e-01
4.203443527221679688e-01
4.284701347351074219e-01
4.119124412536621094e-01
4.154956340789794922e-01
4.166052341461181641e-01
4.200096130371093750e-01
4.156148433685302734e-01
4.315700531005859375e-01
4.224255084991455078e-01
4.357120990753173828e-01
4.274287223815917969e-01
4.222822189331054688e-01
4.164447784423828125e-01
4.011976718902587891e-01
4.181795120239257812e-01
4.273056983947753906e-01
4.040851593017578125e-01
4.289410114288330078e-01
4.208896160125732422e-01
4.232065677642822266e-01
4.277303218841552734e-01
4.227705001831054688e-01
4.303774833679199219e-01
4.337184429168701172e-01
4.353334903717041016e-01
4.399380683898925781e-01
4.126520156860351562e-01
4.139804840087890625e-01
4.364397525787353516e-01
4.264135360717773438e-01
4.431848526000976562e-01
4.299225807189941406e-01
4.053978919982910156e-01
4.196493625640869141e-01
4.271535873413085938e-01
4.319591522216796875e-01
4.166226387023925781e-01
4.367485046386718750e-01
4.265997409820556641e-01
4.189636707305908203e-01
4.247641563415527344e-01
4.155321121215820312e-01
4.123234748840332031e-01
4.205393791198730469e-01
4.228403568267822266e-01
4.235734939575195312e-01
4.251298904418945312e-01
4.265697002410888672e-01
4.223785400390625000e-01
4.044837951660156250e-01
4.259927272796630859e-01
4.177446365356445312e-01
4.127264022827148438e-01
4.162449836730957031e-01
4.350783824920654297e-01
4.183504581451416016e-01
4.196944236755371094e-01
4.215395450592041016e-01
4.283742904663085938e-01
4.483473300933837891e-01
4.180748462677001953e-01
4.309160709381103516e-01
4.172656536102294922e-01
4.258985519409179688e-01
4.365489482879638672e-01
4.108347892761230469e-01
4.484283924102783203e-01
4.265723228454589844e-01
4.138011932373046875e-01
3.980238437652587891e-01
4.371240139007568359e-01
4.460523128509521484e-01
4.377353191375732422e-01
4.172956943511962891e-01
4.438972473144531250e-01
4.331336021423339844e-01
4.242424964904785156e-01
4.379713535308837891e-01
4.469354152679443359e-01
4.291985034942626953e-01
4.187397956848144531e-01
4.134507179260253906e-01
4.232110977172851562e-01
4.229264259338378906e-01
4.138598442077636719e-01
4.241011142730712891e-01
4.343895912170410156e-01
4.221606254577636719e-01
4.237325191497802734e-01
4.209132194519042969e-01
4.307594299316406250e-01
4.101266860961914062e-01
4.287488460540771484e-01
4.431438446044921875e-01
4.454894065856933594e-01
4.035191535949707031e-01
4.095125198364257812e-01
4.240765571594238281e-01
4.194300174713134766e-01
4.188668727874755859e-01
4.358911514282226562e-01
4.163963794708251953e-01
4.232068061828613281e-01
4.235281944274902344e-01
4.016966819763183594e-01
4.130985736846923828e-01
4.363846778869628906e-01
4.135200977325439453e-01
4.375262260437011719e-01
4.190738201141357422e-01
4.063529968261718750e-01
4.103059768676757812e-01
4.245371818542480469e-01
4.154169559478759766e-01
4.226129055023193359e-01
4.168889522552490234e-01
4.163963794708251953e-01
4.235806465148925781e-01
4.231874942779541016e-01
4.339494705200195312e-01
4.313688278198242188e-01
4.276251792907714844e-01
4.297325611114501953e-01
4.269938468933105469e-01
4.279477596282958984e-01
4.218983650207519531e-01
4.420633316040039062e-01
4.146425724029541016e-01
4.254972934722900391e-01
4.260146617889404297e-01
4.314832687377929688e-01
4.203839302062988281e-01
4.222891330718994141e-01
4.417374134063720703e-01
4.330964088439941406e-01
3.490972518920898438e-01
3.782169818878173828e-01
4.476671218872070312e-01
4.417798519134521484e-01
4.207854270935058594e-01
4.243624210357666016e-01
4.198265075683593750e-01
4.345793724060058594e-01
4.193518161773681641e-01
4.149234294891357422e-01
4.250006675720214844e-01
4.303607940673828125e-01
4.196496009826660156e-01
4.224002361297607422e-01
4.265239238739013672e-01
4.385185241699218750e-01
4.263982772827148438e-01
4.143548011779785156e-01
3.936746120452880859e-01
4.285221099853515625e-01
4.224174022674560547e-01
4.257130622863769531e-01
4.277229309082031250e-01
4.375278949737548828e-01
4.173588752746582031e-01
4.185030460357666016e-01
4.153354167938232422e-01
4.171042442321777344e-01
4.314558506011962891e-01
4.336819648742675781e-01
4.241049289703369141e-01
4.193994998931884766e-01
4.242615699768066406e-01
4.199960231781005859e-01
4.254693984985351562e-01
4.354691505432128906e-01
4.198827743530273438e-01
4.206321239471435547e-01
4.159371852874755859e-01
4.176850318908691406e-01
4.279778003692626953e-01
4.292664527893066406e-01
4.251039028167724609e-01
4.176387786865234375e-01
4.312078952789306641e-01
4.124982357025146484e-01
4.290916919708251953e-01
4.219388961791992188e-01
4.202115535736083984e-01
4.158568382263183594e-01
4.219419956207275391e-01
4.178690910339355469e-01
4.293787479400634766e-01
4.242367744445800781e-01
4.237544536590576172e-01
4.263632297515869141e-01
4.191827774047851562e-01
4.126904010772705078e-01
4.287288188934326172e-01
4.212620258331298828e-01
4.145555496215820312e-01
4.309396743774414062e-01
4.232590198516845703e-01
