4.360065460205078125e-01
4.403960704803466797e-01
4.385912418365478516e-01
4.291045665740966797e-01
4.387269020080566406e-01
4.426884651184082031e-01
4.287507534027099609e-01
4.393360614776611328e-01
4.344084262847900391e-01
4.389319419860839844e-01
4.452292919158935547e-01
4.374632835388183594e-01
4.496102333068847656e-01
4.440865516662597656e-01
4.557721614837646484e-01
4.425721168518066406e-01
4.306714534759521484e-01
4.445703029632568359e-01
4.275357723236083984e-01
4.424197673797607422e-01
4.477117061614990234e-01
4.319853782653808594e-01
4.292345046997070312e-01
4.358890056610107422e-01
4.363300800323486328e-01
4.400172233581542969e-01
4.322481155395507812e-01
4.214239120483398438e-01
5.606806278228759766e-01
4.165506362915039062e-01
4.410130977630615234e-01
4.285550117492675781e-01
4.533588886260986328e-01
4.500365257263183594e-01
4.377272129058837891e-01
4.368171691894531250e-01
4.249222278594970703e-01
4.344465732574462891e-01
4.537613391876220703e-01
4.274749755859375000e-01
4.215214252471923828e-01
4.315943717956542969e-01
4.410276412963867188e-01
4.438931941986083984e-01
4.323701858520507812e-01
4.524295330047607422e-01
4.556632041931152344e-01
4.415333271026611328e-01
4.560832977294921875e-01
4.314517974853515625e-01
4.356434345245361328e-01
4.380340576171875000e-01
4.312238693237304688e-01
4.433755874633789062e-01
4.580893516540527344e-01
4.289169311523437500e-01
4.423327445983886719e-01
4.588372707366943359e-01
4.313273429870605469e-01
4.458601474761962891e-01
4.395995140075683594e-01
4.389059543609619141e-01
4.668514728546142578e-01
4.397022724151611328e-01
4.414815902709960938e-01
4.331300258636474609e-01
4.917423725128173828e-01
4.292368888854980469e-01
4.300227165222167969e-01
5.063662528991699219e-01
4.269642829895019531e-01
4.445807933807373047e-01
4.338765144348144531e-01
4.232213497161865234e-01
4.366719722747802734e-01
4.302787780761718750e-01
4.304456710815429688e-01
4.653182029724121094e-01
4.398972988128662109e-01
4.513802528381347656e-01
4.250116348266601562e-01
4.625868797302246094e-01
4.403717517852783203e-01
4.376211166381835938e-01
4.454078674316406250e-01
4.216241836547851562e-01
4.420025348663330078e-01
4.547603130340576172e-01
4.429516792297363281e-01
4.509196281433105469e-01
4.537138938903808594e-01
4.289646148681640625e-01
4.508206844329833984e-01
4.480504989624023438e-01
3.773863315582275391e-01
3.637247085571289062e-01
4.224860668182373047e-01
4.400973320007324219e-01
4.471135139465332031e-01
4.509794712066650391e-01
4.493787288665771484e-01
4.493532180786132812e-01
4.445352554321289062e-01
4.359297752380371094e-01
4.294362068176269531e-01
4.345221519470214844e-01
4.362075328826904297e-01
4.246184825897216797e-01
4.342906475067138672e-01
4.418625831604003906e-01
4.316287040710449219e-01
4.342944622039794922e-01
4.430451393127441406e-01
4.434468746185302734e-01
4.304840564727783203e-01
4.359309673309326172e-01
4.565637111663818359e-01
4.583210945129394531e-01
4.368064403533935547e-01
4.341835975646972656e-01
4.396305084228515625e-01
4.355304241180419922e-01
4.270668029785156250e-01
4.392800331115722656e-01
5.092406272888183594e-01
4.313883781433105469e-01
4.366943836212158203e-01
4.351518154144287109e-01
4.351665973663330078e-01
4.285628795623779297e-01
4.323356151580810547e-01
4.508204460144042969e-01
4.265081882476806641e-01
4.336862564086914062e-01
4.266412258148193359e-01
4.419054985046386719e-01
4.380793571472167969e-01
4.643433094024658203e-01
4.361939430236816406e-01
4.410049915313720703e-01
4.451012611389160156e-01
4.441647529602050781e-01
4.435327053070068359e-01
4.542465209960937500e-01
4.533991813659667969e-01
4.625954627990722656e-01
4.483666419982910156e-01
4.522907733917236328e-01
4.384584426879882812e-01
4.445357322692871094e-01
4.375824928283691406e-01
4.536633491516113281e-01
4.368577003479003906e-01
4.579887390136718750e-01
4.236030578613281250e-01
4.415464401245117188e-01
4.220151901245117188e-01
4.443233013153076172e-01
4.403340816497802734e-01
4.376876354217529297e-01
4.472589492797851562e-01
4.549288749694824219e-01
4.326717853546142578e-01
4.326837062835693359e-01
4.276838302612304688e-01
4.334661960601806641e-01
4.485642910003662109e-01
4.352991580963134766e-01
4.348130226135253906e-01
4.529671669006347656e-01
4.269623756408691406e-01
4.298954010009765625e-01
4.330763816833496094e-01
4.489696025848388672e-01
4.364659786224365234e-01
4.280557632446289062e-01
4.532394409179687500e-01
4.410169124603271484e-01
4.460356235504150391e-01
4.402811527252197266e-01
4.426672458648681641e-01
4.530127048492431641e-01
4.398751258850097656e-01
4.164755344390869141e-01
4.460282325744628906e-01
4.483842849731445312e-01
4.508538246154785156e-01
4.466707706451416016e-01
4.454121589660644531e-01
4.396898746490478516e-01
4.426484107971191406e-01
4.394798278808593750e-01
4.559385776519775391e-01
4.470739364624023438e-01
4.444763660430908203e-01
4.453494548797607422e-01
4.339373111724853516e-01
4.312427043914794922e-01
4.338650703430175781e-01
4.330267906188964844e-01
4.435393810272216797e-01
4.328403472900390625e-01
4.461381435394287109e-01
4.330704212188720703e-01
4.438900947570800781e-01
4.495339393615722656e-01
4.239432811737060547e-01
4.364113807678222656e-01
4.372670650482177734e-01
4.396579265594482422e-01
4.375510215759277344e-01
4.355168342590332031e-01
4.437532424926757812e-01
4.570460319519042969e-01
4.538879394531250000e-01
4.341845512390136719e-01
4.406914710998535156e-01
4.420759677886962891e-01
4.302740097045898438e-01
4.395551681518554688e-01
4.347796440124511719e-01
