8.259234070777893066e+01
5.831493854522705078e+00
5.520076274871826172e+00
5.901509046554565430e+00
6.150757074356079102e+00
6.349785327911376953e+00
5.968259572982788086e+00
5.898081064224243164e+00
5.523447275161743164e+00
5.858765125274658203e+00
7.985559940338134766e+00
6.142172098159790039e+00
2.018841505050659180e+01
8.699736356735229492e+00
8.371221780776977539e+00
7.802046775817871094e+00
8.320656538009643555e+00
7.684515714645385742e+00
7.201258659362792969e+00
5.695521354675292969e+00
7.267250061035156250e+00
7.277564287185668945e+00
6.583547830581665039e+00
7.911560297012329102e+00
8.034860610961914062e+00
7.688242673873901367e+00
5.788463830947875977e+00
6.011585474014282227e+00
6.431955814361572266e+00
6.829800367355346680e+00
8.657735586166381836e+00
7.526732444763183594e+00
4.037564802169799805e+01
8.669965982437133789e+00
9.880251169204711914e+00
7.129384040832519531e+00
6.432037115097045898e+00
7.162546634674072266e+00
1.015286350250244141e+01
7.886595487594604492e+00
6.204770803451538086e+00
7.373882293701171875e+00
6.664019584655761719e+00
8.962892293930053711e+00
7.954809188842773438e+00
1.020610451698303223e+01
2.387746930122375488e+01
1.094219779968261719e+01
9.799005746841430664e+00
6.652705192565917969e+00
6.755848169326782227e+00
6.390754938125610352e+00
9.169346094131469727e+00
9.612264871597290039e+00
1.001395654678344727e+01
9.188259840011596680e+00
6.181062698364257812e+00
8.517846584320068359e+00
6.550223588943481445e+00
6.607070207595825195e+00
8.418592691421508789e+00
8.209264039993286133e+00
1.043246340751647949e+01
8.465314626693725586e+00
5.890235185623168945e+00
5.097503185272216797e+00
8.415666103363037109e+00
7.627567529678344727e+00
6.485023021697998047e+00
7.104751825332641602e+00
7.998373746871948242e+00
7.554883956909179688e+00
6.412603855133056641e+00
5.394568204879760742e+00
8.506268262863159180e+00
4.116100788116455078e+00
5.292120456695556641e+00
6.956768512725830078e+00
7.782095670700073242e+00
7.915266036987304688e+00
6.943926811218261719e+00
1.162859916687011719e+01
5.139981985092163086e+00
6.669729471206665039e+00
7.575778484344482422e+00
5.654927968978881836e+00
6.595716238021850586e+00
9.269784927368164062e+00
6.980066537857055664e+00
9.118791818618774414e+00
8.866699695587158203e+00
6.250930786132812500e+00
1.035389780998229980e+01
2.369846010208129883e+01
1.241931343078613281e+01
6.925202369689941406e+00
5.232643842697143555e+00
1.021664214134216309e+01
9.925805807113647461e+00
1.136112165451049805e+01
8.835525989532470703e+00
8.861471176147460938e+00
8.842037916183471680e+00
6.906633377075195312e+00
6.109703302383422852e+00
4.683494329452514648e+00
5.446986675262451172e+00
8.364852428436279297e+00
7.000748157501220703e+00
1.022794222831726074e+01
6.602774858474731445e+00
6.593946695327758789e+00
9.538485527038574219e+00
6.920176744461059570e+00
6.118591308593750000e+00
8.951877832412719727e+00
1.245106029510498047e+01
1.468974208831787109e+01
5.948756456375122070e+00
5.242232799530029297e+00
1.105918788909912109e+01
7.313081026077270508e+00
6.854469776153564453e+00
5.854622840881347656e+00
1.327012443542480469e+01
7.078018665313720703e+00
5.798418283462524414e+00
9.025741100311279297e+00
5.719053983688354492e+00
5.103952646255493164e+00
7.503251075744628906e+00
8.783012628555297852e+00
5.479890108108520508e+00
5.983206272125244141e+00
5.250437259674072266e+00
8.536510229110717773e+00
8.476773977279663086e+00
1.521014118194580078e+01
5.237582206726074219e+00
9.161830902099609375e+00
8.783067941665649414e+00
8.992926597595214844e+00
8.215632915496826172e+00
9.097833395004272461e+00
1.021746063232421875e+01
6.903640270233154297e+00
9.923820257186889648e+00
6.852953910827636719e+00
6.037297725677490234e+00
9.273653030395507812e+00
6.094004631042480469e+00
1.094296789169311523e+01
8.663609743118286133e+00
9.064703464508056641e+00
8.846081972122192383e+00
7.123254537582397461e+00
1.516383576393127441e+01
6.998721837997436523e+00
6.568160772323608398e+00
5.813961744308471680e+00
1.538158702850341797e+01
1.758373975753784180e+01
5.566680431365966797e+00
8.383174896240234375e+00
5.524684906005859375e+00
6.851605892181396484e+00
6.051748275756835938e+00
5.255943059921264648e+00
1.229970383644104004e+01
7.692138910293579102e+00
9.683292150497436523e+00
9.109958410263061523e+00
1.094849658012390137e+01
7.785243749618530273e+00
5.949941396713256836e+00
4.972825527191162109e+00
8.511781930923461914e+00
1.018809413909912109e+01
1.130573511123657227e+01
8.865949869155883789e+00
9.280925035476684570e+00
1.616187810897827148e+01
4.531805515289306641e+00
1.009098649024963379e+01
6.449882030487060547e+00
5.843372821807861328e+00
1.290226864814758301e+01
8.904546260833740234e+00
6.467479228973388672e+00
9.018648624420166016e+00
8.251300573348999023e+00
7.011368513107299805e+00
6.328703641891479492e+00
1.137108874320983887e+01
6.141133069992065430e+00
1.072873973846435547e+01
9.370188474655151367e+00
6.094563961029052734e+00
5.378917455673217773e+00
6.304144620895385742e+00
6.157504081726074219e+00
4.662066936492919922e+00
6.347525835037231445e+00
5.971589565277099609e+00
6.478163003921508789e+00
8.301205635070800781e+00
5.239133596420288086e+00
5.464964628219604492e+00
7.030732631683349609e+00
5.910386800765991211e+00
9.952507734298706055e+00
8.307483434677124023e+00
5.508020162582397461e+00
6.841950893402099609e+00
1.086921596527099609e+01
5.223182916641235352e+00
7.617432594299316406e+00
5.981534242630004883e+00
7.488558292388916016e+00
1.549980807304382324e+01
1.040614295005798340e+01
