3.111441135406494141e+00
4.294021129608154297e-01
6.615006923675537109e-01
3.384389877319335938e-01
3.607730865478515625e-01
3.673224449157714844e-01
4.000852108001708984e-01
4.613261222839355469e-01
3.995430469512939453e-01
9.305171966552734375e-01
6.268601417541503906e-01
6.935489177703857422e-01
4.035310745239257812e-01
4.493863582611083984e-01
3.797123432159423828e-01
4.022932052612304688e-01
3.837733268737792969e-01
3.728628158569335938e-01
1.057190418243408203e+00
7.781603336334228516e-01
4.816560745239257812e-01
3.995909690856933594e-01
3.730485439300537109e-01
3.912546634674072266e-01
3.865447044372558594e-01
4.156603813171386719e-01
3.859395980834960938e-01
9.341673851013183594e-01
1.206959247589111328e+00
5.858299732208251953e-01
4.785647392272949219e-01
3.439345359802246094e-01
4.167604446411132812e-01
4.010908603668212891e-01
4.001893997192382812e-01
3.686211109161376953e-01
9.805116653442382812e-01
1.012111902236938477e+00
7.440028190612792969e-01
5.658526420593261719e-01
4.175667762756347656e-01
3.743495941162109375e-01
3.957340717315673828e-01
4.189839363098144531e-01
3.880076408386230469e-01
9.455800056457519531e-01
9.744656085968017578e-01
6.906075477600097656e-01
5.072312355041503906e-01
4.278495311737060547e-01
4.354512691497802734e-01
4.512948989868164062e-01
3.983168601989746094e-01
3.674578666687011719e-01
7.221987247467041016e-01
9.731774330139160156e-01
6.820340156555175781e-01
5.769152641296386719e-01
4.210877418518066406e-01
3.578023910522460938e-01
3.987321853637695312e-01
4.016888141632080078e-01
3.825094699859619141e-01
8.490021228790283203e-01
1.018693923950195312e+00
6.864695549011230469e-01
5.441582202911376953e-01
3.760390281677246094e-01
3.993694782257080078e-01
3.854329586029052734e-01
3.538327217102050781e-01
4.162445068359375000e-01
8.358206748962402344e-01
9.505801200866699219e-01
7.310099601745605469e-01
3.962717056274414062e-01
3.474075794219970703e-01
4.157583713531494141e-01
4.362232685089111328e-01
3.649160861968994141e-01
3.580858707427978516e-01
6.852557659149169922e-01
9.669795036315917969e-01
6.846075057983398438e-01
6.647660732269287109e-01
4.825611114501953125e-01
5.246169567108154297e-01
4.419813156127929688e-01
3.040883541107177734e-01
4.144272804260253906e-01
7.318038940429687500e-01
1.084281682968139648e+00
6.779320240020751953e-01
6.221132278442382812e-01
5.494201183319091797e-01
5.047302246093750000e-01
3.809242248535156250e-01
5.123863220214843750e-01
4.174690246582031250e-01
6.758828163146972656e-01
9.921166896820068359e-01
6.930339336395263672e-01
5.571067333221435547e-01
5.386619567871093750e-01
4.710688591003417969e-01
4.598715305328369141e-01
4.048943519592285156e-01
3.478271961212158203e-01
6.778280735015869141e-01
9.464144706726074219e-01
6.240670680999755859e-01
5.489761829376220703e-01
4.770328998565673828e-01
4.877326488494873047e-01
4.497845172882080078e-01
5.018773078918457031e-01
4.132199287414550781e-01
7.427878379821777344e-01
9.335720539093017578e-01
5.794966220855712891e-01
5.351431369781494141e-01
5.132379531860351562e-01
4.127259254455566406e-01
4.619956016540527344e-01
4.516062736511230469e-01
4.813170433044433594e-01
5.984420776367187500e-01
8.823480606079101562e-01
6.221027374267578125e-01
5.223603248596191406e-01
4.489636421203613281e-01
4.841549396514892578e-01
3.790907859802246094e-01
4.227519035339355469e-01
3.535108566284179688e-01
5.207808017730712891e-01
8.767039775848388672e-01
5.860683917999267578e-01
5.153300762176513672e-01
5.545585155487060547e-01
5.218625068664550781e-01
5.015039443969726562e-01
5.062119960784912109e-01
4.527058601379394531e-01
6.458740234375000000e-01
9.290409088134765625e-01
6.427860260009765625e-01
5.976057052612304688e-01
5.379528999328613281e-01
5.759119987487792969e-01
6.013448238372802734e-01
5.144839286804199219e-01
4.082605838775634766e-01
5.317783355712890625e-01
7.648890018463134766e-01
4.951322078704833984e-01
6.035122871398925781e-01
5.766508579254150391e-01
5.636491775512695312e-01
5.357530117034912109e-01
5.085973739624023438e-01
4.876325130462646484e-01
4.996967315673828125e-01
9.476408958435058594e-01
5.568966865539550781e-01
6.249070167541503906e-01
5.498290061950683594e-01
4.856367111206054688e-01
5.442039966583251953e-01
5.508475303649902344e-01
4.328508377075195312e-01
3.611969947814941406e-01
7.456862926483154297e-01
5.920586585998535156e-01
5.290896892547607422e-01
4.504601955413818359e-01
5.835063457489013672e-01
6.017379760742187500e-01
5.133321285247802734e-01
4.696512222290039062e-01
5.080528259277343750e-01
8.443379402160644531e-01
4.066493511199951172e-01
5.772094726562500000e-01
5.229041576385498047e-01
5.526823997497558594e-01
5.755090713500976562e-01
5.147936344146728516e-01
5.132596492767333984e-01
5.447578430175781250e-01
8.648633956909179688e-01
5.617952346801757812e-01
5.599157810211181641e-01
5.427577495574951172e-01
5.337622165679931641e-01
5.710952281951904297e-01
5.759983062744140625e-01
5.172491073608398438e-01
4.708297252655029297e-01
7.598214149475097656e-01
5.710332393646240234e-01
4.406759738922119141e-01
4.533524513244628906e-01
4.842882156372070312e-01
5.429725646972656250e-01
4.457089900970458984e-01
5.002627372741699219e-01
3.889818191528320312e-01
8.220453262329101562e-01
4.985339641571044922e-01
5.699973106384277344e-01
3.839094638824462891e-01
3.540415763854980469e-01
3.597760200500488281e-01
3.761699199676513672e-01
2.840285301208496094e-01
3.797595500946044922e-01
6.574718952178955078e-01
2.833635807037353516e-01
3.452949523925781250e-01
3.752634525299072266e-01
