7.858347892761230469e-02
8.026885986328125000e-02
6.628751754760742188e-02
8.379554748535156250e-02
7.881069183349609375e-02
8.234429359436035156e-02
7.620120048522949219e-02
7.920122146606445312e-02
6.734085083007812500e-02
7.562923431396484375e-02
8.238148689270019531e-02
8.923006057739257812e-02
9.514474868774414062e-02
8.418154716491699219e-02
3.040215969085693359e-01
8.243727684020996094e-02
9.256005287170410156e-02
7.651305198669433594e-02
6.392168998718261719e-02
7.085919380187988281e-02
7.664132118225097656e-02
8.339428901672363281e-02
8.433961868286132812e-02
7.655906677246093750e-02
3.231465816497802734e-01
8.360314369201660156e-02
8.046030998229980469e-02
7.805562019348144531e-02
7.387208938598632812e-02
7.763361930847167969e-02
9.798884391784667969e-02
7.410168647766113281e-02
1.032466888427734375e-01
8.265709877014160156e-02
8.719849586486816406e-02
7.463002204895019531e-02
7.852387428283691406e-02
7.839798927307128906e-02
9.515762329101562500e-02
8.672237396240234375e-02
3.314189910888671875e-01
7.490515708923339844e-02
7.098507881164550781e-02
1.077384948730468750e-01
9.024643898010253906e-02
1.096870899200439453e-01
1.052386760711669922e-01
1.065609455108642578e-01
1.065962314605712891e-01
8.733534812927246094e-02
7.523870468139648438e-02
7.828807830810546875e-02
8.870697021484375000e-02
9.985780715942382812e-02
3.398129940032958984e-01
7.809495925903320312e-02
7.055115699768066406e-02
1.073660850524902344e-01
8.443617820739746094e-02
6.561088562011718750e-02
9.604930877685546875e-02
8.240556716918945312e-02
9.498572349548339844e-02
9.602546691894531250e-02
6.690192222595214844e-02
6.879615783691406250e-02
8.420896530151367188e-02
6.086468696594238281e-02
6.955361366271972656e-02
2.944245338439941406e-01
6.376385688781738281e-02
9.593820571899414062e-02
7.368183135986328125e-02
6.963276863098144531e-02
6.788563728332519531e-02
6.196403503417968750e-02
6.261467933654785156e-02
7.295012474060058594e-02
9.013605117797851562e-02
8.753180503845214844e-02
9.082818031311035156e-02
9.630393981933593750e-02
5.915927886962890625e-02
8.432865142822265625e-02
9.173631668090820312e-02
6.861114501953125000e-02
8.996987342834472656e-02
1.085274219512939453e-01
5.848336219787597656e-02
1.028425693511962891e-01
9.448647499084472656e-02
3.279342651367187500e-01
8.160471916198730469e-02
1.159121990203857422e-01
1.141090393066406250e-01
7.795405387878417969e-02
7.221508026123046875e-02
1.032917499542236328e-01
3.370695114135742188e-01
1.063799858093261719e-01
9.952282905578613281e-02
1.091334819793701172e-01
7.723879814147949219e-02
7.399225234985351562e-02
6.480622291564941406e-02
7.797288894653320312e-02
1.412036418914794922e-01
7.400441169738769531e-02
6.681036949157714844e-02
9.640693664550781250e-02
6.888079643249511719e-02
8.145594596862792969e-02
3.381047248840332031e-01
8.106017112731933594e-02
6.313800811767578125e-02
9.258699417114257812e-02
1.225001811981201172e-01
1.885361671447753906e-01
6.984901428222656250e-02
7.024097442626953125e-02
8.716368675231933594e-02
8.505392074584960938e-02
6.847310066223144531e-02
7.588744163513183594e-02
7.730960845947265625e-02
8.263087272644042969e-02
7.765626907348632812e-02
7.302689552307128906e-02
6.456303596496582031e-02
7.857751846313476562e-02
6.090545654296875000e-02
1.039826869964599609e-01
6.393909454345703125e-02
7.597231864929199219e-02
8.426809310913085938e-02
9.815526008605957031e-02
6.442928314208984375e-02
9.856653213500976562e-02
7.373571395874023438e-02
8.199000358581542969e-02
8.807706832885742188e-02
8.853387832641601562e-02
1.131954193115234375e-01
1.091501712799072266e-01
1.195783615112304688e-01
8.638334274291992188e-02
7.914733886718750000e-02
9.311699867248535156e-02
6.974482536315917969e-02
1.334698200225830078e-01
8.699440956115722656e-02
9.156656265258789062e-02
7.745742797851562500e-02
8.111715316772460938e-02
6.316709518432617188e-02
7.206869125366210938e-02
7.971692085266113281e-02
7.483601570129394531e-02
8.423948287963867188e-02
6.903648376464843750e-02
1.060559749603271484e-01
1.199486255645751953e-01
8.837962150573730469e-02
7.682490348815917969e-02
7.255125045776367188e-02
7.644128799438476562e-02
7.732796669006347656e-02
3.154158592224121094e-01
7.806825637817382812e-02
1.156725883483886719e-01
6.922101974487304688e-02
4.860830307006835938e-02
7.139468193054199219e-02
9.700369834899902344e-02
7.241463661193847656e-02
6.606435775756835938e-02
7.743668556213378906e-02
8.793640136718750000e-02
9.856534004211425781e-02
8.269739151000976562e-02
6.831526756286621094e-02
1.033253669738769531e-01
6.244158744812011719e-02
8.195781707763671875e-02
7.844257354736328125e-02
7.399940490722656250e-02
8.248662948608398438e-02
6.805610656738281250e-02
7.483124732971191406e-02
8.005189895629882812e-02
7.428073883056640625e-02
7.995796203613281250e-02
8.363723754882812500e-02
9.936928749084472656e-02
7.680130004882812500e-02
8.123469352722167969e-02
7.611179351806640625e-02
8.566975593566894531e-02
6.784939765930175781e-02
6.498074531555175781e-02
7.941985130310058594e-02
5.375552177429199219e-02
6.159567832946777344e-02
6.861972808837890625e-02
7.687735557556152344e-02
9.081649780273437500e-02
3.222880363464355469e-01
7.346224784851074219e-02
9.031701087951660156e-02
7.448005676269531250e-02
8.957576751708984375e-02
7.800173759460449219e-02
7.970356941223144531e-02
8.226799964904785156e-02
1.125471591949462891e-01
6.015849113464355469e-02
9.685993194580078125e-02
7.315540313720703125e-02
6.804990768432617188e-02
7.596373558044433594e-02
8.436942100524902344e-02
