3.294830322265625000e-01
8.602809906005859375e-02
7.088065147399902344e-02
6.826066970825195312e-02
8.093857765197753906e-02
8.054399490356445312e-02
8.103680610656738281e-02
8.140945434570312500e-02
3.201973438262939453e-01
8.122467994689941406e-02
8.088612556457519531e-02
7.588768005371093750e-02
9.657573699951171875e-02
8.187866210937500000e-02
8.874082565307617188e-02
3.405015468597412109e-01
8.799791336059570312e-02
8.715367317199707031e-02
6.667256355285644531e-02
7.436037063598632812e-02
7.743453979492187500e-02
8.302116394042968750e-02
9.423446655273437500e-02
7.951736450195312500e-02
7.695245742797851562e-02
8.425736427307128906e-02
7.201695442199707031e-02
7.537412643432617188e-02
6.630969047546386719e-02
7.495641708374023438e-02
8.605885505676269531e-02
7.881784439086914062e-02
1.030430793762207031e-01
8.357238769531250000e-02
7.896971702575683594e-02
7.150840759277343750e-02
7.563185691833496094e-02
6.984114646911621094e-02
9.035205841064453125e-02
8.059525489807128906e-02
1.140997409820556641e-01
7.933259010314941406e-02
7.486724853515625000e-02
1.052427291870117188e-01
9.867238998413085938e-02
1.048336029052734375e-01
1.094110012054443359e-01
1.182463169097900391e-01
1.050808429718017578e-01
6.817078590393066406e-02
7.161140441894531250e-02
7.582449913024902344e-02
7.903003692626953125e-02
3.198764324188232422e-01
8.818817138671875000e-02
7.462763786315917969e-02
8.032941818237304688e-02
1.213715076446533203e-01
6.906986236572265625e-02
6.310868263244628906e-02
9.930610656738281250e-02
9.143757820129394531e-02
1.071863174438476562e-01
3.506212234497070312e-01
6.521129608154296875e-02
7.019186019897460938e-02
9.179377555847167969e-02
6.486296653747558594e-02
7.424855232238769531e-02
8.785009384155273438e-02
8.449912071228027344e-02
9.011244773864746094e-02
7.523226737976074219e-02
7.417273521423339844e-02
7.257223129272460938e-02
5.396056175231933594e-02
5.933022499084472656e-02
7.132053375244140625e-02
8.921957015991210938e-02
9.673452377319335938e-02
7.330060005187988281e-02
1.122784614562988281e-01
6.567811965942382812e-02
1.001143455505371094e-01
8.984494209289550781e-02
7.228326797485351562e-02
8.438229560852050781e-02
1.039240360260009766e-01
6.118083000183105469e-02
1.142773628234863281e-01
8.567142486572265625e-02
8.146119117736816406e-02
1.010940074920654297e-01
1.193559169769287109e-01
1.170754432678222656e-01
7.950949668884277344e-02
7.212495803833007812e-02
1.145761013031005859e-01
7.702946662902832031e-02
1.029078960418701172e-01
9.402561187744140625e-02
1.180753707885742188e-01
7.896375656127929688e-02
7.826375961303710938e-02
6.321167945861816406e-02
6.677460670471191406e-02
7.972717285156250000e-02
6.825566291809082031e-02
6.586074829101562500e-02
9.516954421997070312e-02
7.774615287780761719e-02
3.372635841369628906e-01
2.873246669769287109e-01
8.430910110473632812e-02
6.601595878601074219e-02
1.032645702362060547e-01
1.089880466461181641e-01
1.070675849914550781e-01
6.694364547729492188e-02
6.891560554504394531e-02
3.065319061279296875e-01
7.809615135192871094e-02
7.369351387023925781e-02
7.325077056884765625e-02
7.482886314392089844e-02
8.487129211425781250e-02
7.306218147277832031e-02
7.334542274475097656e-02
8.277821540832519531e-02
6.993269920349121094e-02
7.012033462524414062e-02
1.209299564361572266e-01
6.714797019958496094e-02
7.978034019470214844e-02
6.927299499511718750e-02
1.103751659393310547e-01
6.462430953979492188e-02
9.453439712524414062e-02
6.657695770263671875e-02
8.447480201721191406e-02
7.939624786376953125e-02
7.712006568908691406e-02
1.088454723358154297e-01
1.183242797851562500e-01
1.028347015380859375e-01
8.520698547363281250e-02
8.587527275085449219e-02
8.481764793395996094e-02
7.382965087890625000e-02
1.202588081359863281e-01
8.708524703979492188e-02
9.014511108398437500e-02
7.065701484680175781e-02
7.297658920288085938e-02
6.103992462158203125e-02
6.342387199401855469e-02
7.083702087402343750e-02
7.079863548278808594e-02
7.496285438537597656e-02
6.974935531616210938e-02
1.016149520874023438e-01
1.193077564239501953e-01
6.564664840698242188e-02
8.254408836364746094e-02
7.313275337219238281e-02
7.623243331909179688e-02
7.394266128540039062e-02
7.567191123962402344e-02
7.832145690917968750e-02
9.953808784484863281e-02
6.682419776916503906e-02
5.195403099060058594e-02
6.589365005493164062e-02
8.607268333435058594e-02
6.890463829040527344e-02
6.696963310241699219e-02
9.624695777893066406e-02
9.204339981079101562e-02
1.009178161621093750e-01
8.693122863769531250e-02
7.725882530212402344e-02
1.117126941680908203e-01
6.719565391540527344e-02
8.970832824707031250e-02
8.115386962890625000e-02
8.469772338867187500e-02
8.509516716003417969e-02
7.496356964111328125e-02
8.303952217102050781e-02
8.411502838134765625e-02
7.566738128662109375e-02
8.345842361450195312e-02
8.837032318115234375e-02
9.965372085571289062e-02
7.779693603515625000e-02
9.498834609985351562e-02
8.047413825988769531e-02
7.657814025878906250e-02
8.462524414062500000e-02
6.715369224548339844e-02
8.462119102478027344e-02
6.696796417236328125e-02
6.711506843566894531e-02
7.300853729248046875e-02
7.160282135009765625e-02
7.772684097290039062e-02
6.618618965148925781e-02
6.285476684570312500e-02
3.425691127777099609e-01
7.427430152893066406e-02
3.374814987182617188e-01
7.268548011779785156e-02
6.857919692993164062e-02
7.963085174560546875e-02
7.809710502624511719e-02
5.779910087585449219e-02
8.620405197143554688e-02
7.484626770019531250e-02
6.747841835021972656e-02
8.044838905334472656e-02
7.639479637145996094e-02
