2.242302894592285156e-02
1.756310462951660156e-02
2.112054824829101562e-02
1.877331733703613281e-02
1.798939704895019531e-02
1.813125610351562500e-02
2.172851562500000000e-02
1.850342750549316406e-02
1.682424545288085938e-02
1.872968673706054688e-02
1.906394958496093750e-02
2.036142349243164062e-02
1.900553703308105469e-02
1.703763008117675781e-02
1.740837097167968750e-02
1.802086830139160156e-02
1.794362068176269531e-02
1.747679710388183594e-02
1.861429214477539062e-02
1.804399490356445312e-02
1.873970031738281250e-02
2.292633056640625000e-02
1.740074157714843750e-02
1.909017562866210938e-02
1.907873153686523438e-02
1.864862442016601562e-02
1.733636856079101562e-02
1.754426956176757812e-02
1.710057258605957031e-02
1.726746559143066406e-02
1.948308944702148438e-02
1.768994331359863281e-02
1.849436759948730469e-02
1.876831054687500000e-02
1.765251159667968750e-02
1.813769340515136719e-02
1.852679252624511719e-02
1.753926277160644531e-02
1.892685890197753906e-02
1.912450790405273438e-02
2.000236511230468750e-02
2.108693122863769531e-02
1.739382743835449219e-02
1.959037780761718750e-02
1.879167556762695312e-02
1.939606666564941406e-02
2.038598060607910156e-02
1.970601081848144531e-02
1.758170127868652344e-02
1.879358291625976562e-02
1.682901382446289062e-02
1.910066604614257812e-02
1.764059066772460938e-02
2.036309242248535156e-02
2.469372749328613281e-02
1.778864860534667969e-02
1.905584335327148438e-02
2.265596389770507812e-02
2.000188827514648438e-02
1.755094528198242188e-02
2.256488800048828125e-02
2.069425582885742188e-02
1.709723472595214844e-02
2.048444747924804688e-02
1.746749877929687500e-02
1.766705513000488281e-02
1.757001876831054688e-02
1.827478408813476562e-02
1.841282844543457031e-02
1.760149002075195312e-02
1.912117004394531250e-02
2.026510238647460938e-02
1.832318305969238281e-02
1.747393608093261719e-02
2.047252655029296875e-02
1.838350296020507812e-02
1.662516593933105469e-02
1.790666580200195312e-02
1.940655708312988281e-02
1.819443702697753906e-02
1.752281188964843750e-02
1.807737350463867188e-02
2.022290229797363281e-02
1.737236976623535156e-02
1.900172233581542969e-02
2.163410186767578125e-02
1.840305328369140625e-02
1.926755905151367188e-02
1.706552505493164062e-02
2.192616462707519531e-02
1.764917373657226562e-02
1.787757873535156250e-02
2.083992958068847656e-02
2.136468887329101562e-02
1.968097686767578125e-02
1.872396469116210938e-02
1.804280281066894531e-02
1.952791213989257812e-02
1.772594451904296875e-02
1.824212074279785156e-02
1.830935478210449219e-02
1.903557777404785156e-02
1.898980140686035156e-02
1.701331138610839844e-02
1.795005798339843750e-02
1.659560203552246094e-02
1.813840866088867188e-02
1.784276962280273438e-02
1.761579513549804688e-02
1.787304878234863281e-02
1.846337318420410156e-02
1.757383346557617188e-02
1.863908767700195312e-02
1.719236373901367188e-02
1.720881462097167969e-02
1.891279220581054688e-02
1.978540420532226562e-02
2.311182022094726562e-02
1.758289337158203125e-02
1.770544052124023438e-02
1.905536651611328125e-02
1.832866668701171875e-02
1.865649223327636719e-02
1.732063293457031250e-02
1.777315139770507812e-02
1.745414733886718750e-02
1.819491386413574219e-02
1.700472831726074219e-02
1.718544960021972656e-02
1.858019828796386719e-02
1.734948158264160156e-02
2.004623413085937500e-02
2.233338356018066406e-02
2.173519134521484375e-02
1.721477508544921875e-02
1.783013343811035156e-02
1.707386970520019531e-02
2.446699142456054688e-02
1.643157005310058594e-02
1.799416542053222656e-02
1.902294158935546875e-02
1.756405830383300781e-02
2.000164985656738281e-02
1.828217506408691406e-02
2.215671539306640625e-02
2.275943756103515625e-02
2.071380615234375000e-02
2.172040939331054688e-02
1.756787300109863281e-02
2.005600929260253906e-02
1.877069473266601562e-02
2.534794807434082031e-02
1.803612709045410156e-02
1.708626747131347656e-02
1.824140548706054688e-02
1.768469810485839844e-02
1.846337318420410156e-02
1.777338981628417969e-02
1.769948005676269531e-02
1.992559432983398438e-02
1.913309097290039062e-02
1.914191246032714844e-02
2.426648139953613281e-02
2.070927619934082031e-02
2.182006835937500000e-02
1.831603050231933594e-02
2.226924896240234375e-02
1.805853843688964844e-02
2.057814598083496094e-02
2.468228340148925781e-02
1.681566238403320312e-02
2.000212669372558594e-02
1.920104026794433594e-02
1.755285263061523438e-02
1.783657073974609375e-02
1.621055603027343750e-02
1.820874214172363281e-02
1.840472221374511719e-02
1.884436607360839844e-02
1.735448837280273438e-02
1.736521720886230469e-02
1.879262924194335938e-02
2.241325378417968750e-02
2.345085144042968750e-02
1.749920845031738281e-02
2.015781402587890625e-02
1.873183250427246094e-02
1.841139793395996094e-02
1.765441894531250000e-02
1.876068115234375000e-02
1.706862449645996094e-02
2.302598953247070312e-02
1.890516281127929688e-02
1.719331741333007812e-02
2.465796470642089844e-02
2.022075653076171875e-02
1.760864257812500000e-02
1.810264587402343750e-02
1.829934120178222656e-02
1.777172088623046875e-02
1.781630516052246094e-02
1.740312576293945312e-02
1.854729652404785156e-02
1.794385910034179688e-02
1.879477500915527344e-02
1.747894287109375000e-02
1.783227920532226562e-02
1.771378517150878906e-02
1.719474792480468750e-02
1.754379272460937500e-02
1.898550987243652344e-02
1.836299896240234375e-02
1.906633377075195312e-02
1.727390289306640625e-02
1.849770545959472656e-02
1.667809486389160156e-02
1.804542541503906250e-02
1.727795600891113281e-02
1.680612564086914062e-02
1.830124855041503906e-02
1.670575141906738281e-02
