2.469706535339355469e-02
6.681561470031738281e-02
1.119184494018554688e-02
1.046729087829589844e-02
1.140499114990234375e-02
1.177024841308593750e-02
1.134443283081054688e-02
1.333236694335937500e-02
1.110935211181640625e-02
1.206159591674804688e-02
1.274228096008300781e-02
1.294207572937011719e-02
1.226902008056640625e-02
1.219129562377929688e-02
1.479125022888183594e-02
1.447916030883789062e-02
1.199388504028320312e-02
1.323175430297851562e-02
1.054072380065917969e-02
1.224780082702636719e-02
1.120018959045410156e-02
1.219797134399414062e-02
1.168870925903320312e-02
1.304554939270019531e-02
1.120090484619140625e-02
1.654410362243652344e-02
1.234436035156250000e-02
1.175022125244140625e-02
1.155042648315429688e-02
1.252174377441406250e-02
1.159787178039550781e-02
1.192212104797363281e-02
1.567316055297851562e-02
1.810145378112792969e-02
1.188278198242187500e-02
1.784491539001464844e-02
1.119208335876464844e-02
1.188182830810546875e-02
1.213335990905761719e-02
1.619911193847656250e-02
1.365303993225097656e-02
1.214194297790527344e-02
1.127815246582031250e-02
1.356410980224609375e-02
1.272487640380859375e-02
1.489305496215820312e-02
1.737213134765625000e-02
1.642465591430664062e-02
1.440739631652832031e-02
1.330327987670898438e-02
1.133894920349121094e-02
1.227140426635742188e-02
1.183915138244628906e-02
1.331424713134765625e-02
1.190185546875000000e-02
1.403570175170898438e-02
1.178526878356933594e-02
1.373839378356933594e-02
1.185846328735351562e-02
1.120996475219726562e-02
1.243400573730468750e-02
1.330423355102539062e-02
1.266288757324218750e-02
1.470685005187988281e-02
1.263141632080078125e-02
1.345968246459960938e-02
1.282787322998046875e-02
1.075363159179687500e-02
1.140403747558593750e-02
1.328015327453613281e-02
1.106214523315429688e-02
1.313114166259765625e-02
1.150393486022949219e-02
1.810193061828613281e-02
1.184272766113281250e-02
1.050829887390136719e-02
1.019477844238281250e-02
1.282835006713867188e-02
1.135206222534179688e-02
1.408791542053222656e-02
1.525330543518066406e-02
1.537632942199707031e-02
1.023912429809570312e-02
1.269149780273437500e-02
1.323890686035156250e-02
1.407718658447265625e-02
1.220297813415527344e-02
1.528167724609375000e-02
1.013779640197753906e-02
1.375460624694824219e-02
1.197648048400878906e-02
1.469779014587402344e-02
1.466846466064453125e-02
1.908946037292480469e-02
1.393985748291015625e-02
1.287364959716796875e-02
1.107239723205566406e-02
1.487112045288085938e-02
1.121473312377929688e-02
1.362442970275878906e-02
1.294708251953125000e-02
1.396179199218750000e-02
1.107454299926757812e-02
1.241111755371093750e-02
1.099610328674316406e-02
1.399111747741699219e-02
1.150560379028320312e-02
1.118230819702148438e-02
1.097321510314941406e-02
1.306295394897460938e-02
1.193118095397949219e-02
1.229071617126464844e-02
1.188611984252929688e-02
1.361465454101562500e-02
1.140904426574707031e-02
1.262283325195312500e-02
1.390457153320312500e-02
1.606297492980957031e-02
1.135683059692382812e-02
1.470375061035156250e-02
1.462602615356445312e-02
1.440501213073730469e-02
1.119756698608398438e-02
1.160407066345214844e-02
1.136326789855957031e-02
1.352548599243164062e-02
1.205444335937500000e-02
1.191496849060058594e-02
1.096606254577636719e-02
1.167416572570800781e-02
1.065468788146972656e-02
1.730251312255859375e-02
1.059198379516601562e-02
1.186776161193847656e-02
1.066946983337402344e-02
1.429224014282226562e-02
1.093316078186035156e-02
1.304435729980468750e-02
1.032948493957519531e-02
1.199293136596679688e-02
1.173138618469238281e-02
1.226401329040527344e-02
1.272273063659667969e-02
1.425743103027343750e-02
1.348304748535156250e-02
1.451826095581054688e-02
1.301240921020507812e-02
1.195716857910156250e-02
1.127552986145019531e-02
1.500082015991210938e-02
1.180577278137207031e-02
1.342153549194335938e-02
1.251220703125000000e-02
1.262474060058593750e-02
1.025080680847167969e-02
1.068687438964843750e-02
1.074862480163574219e-02
1.264524459838867188e-02
1.158118247985839844e-02
1.205778121948242188e-02
1.319265365600585938e-02
1.412200927734375000e-02
1.120710372924804688e-02
1.211643218994140625e-02
1.121640205383300781e-02
1.273846626281738281e-02
1.124024391174316406e-02
1.678705215454101562e-02
1.163172721862792969e-02
1.467418670654296875e-02
1.429176330566406250e-02
1.090121269226074219e-02
1.004362106323242188e-02
1.303553581237792969e-02
1.094865798950195312e-02
1.448798179626464844e-02
1.187944412231445312e-02
1.293849945068359375e-02
1.706314086914062500e-02
1.258873939514160156e-02
1.160740852355957031e-02
1.370835304260253906e-02
1.021790504455566406e-02
1.241135597229003906e-02
1.231193542480468750e-02
1.482152938842773438e-02
1.346397399902343750e-02
1.208734512329101562e-02
1.269078254699707031e-02
1.244449615478515625e-02
1.310753822326660156e-02
1.696681976318359375e-02
1.570940017700195312e-02
1.545286178588867188e-02
1.139140129089355469e-02
1.204109191894531250e-02
1.190638542175292969e-02
1.536631584167480469e-02
1.356005668640136719e-02
1.140737533569335938e-02
1.198935508728027344e-02
1.413464546203613281e-02
1.237893104553222656e-02
1.137423515319824219e-02
1.381158828735351562e-02
1.494097709655761719e-02
1.181960105895996094e-02
1.230263710021972656e-02
1.214599609375000000e-02
1.573944091796875000e-02
1.289105415344238281e-02
1.646304130554199219e-02
1.251578330993652344e-02
1.243877410888671875e-02
1.184439659118652344e-02
1.098847389221191406e-02
1.344943046569824219e-02
1.444387435913085938e-02
1.068997383117675781e-02
1.317405700683593750e-02
1.198649406433105469e-02
