1.956636905670166016e-01
1.270186901092529297e-01
1.298921108245849609e-01
1.645750999450683594e-01
1.449742317199707031e-01
1.443586349487304688e-01
1.717534065246582031e-01
1.480896472930908203e-01
1.308224201202392578e-01
1.796550750732421875e-01
1.361575126647949219e-01
1.401362419128417969e-01
2.077097892761230469e-01
1.503338813781738281e-01
1.544799804687500000e-01
1.616930961608886719e-01
1.562464237213134766e-01
1.860029697418212891e-01
1.159884929656982422e-01
1.284232139587402344e-01
1.271142959594726562e-01
1.824104785919189453e-01
1.487312316894531250e-01
1.776478290557861328e-01
1.515972614288330078e-01
1.488301753997802734e-01
1.208293437957763672e-01
1.697232723236083984e-01
1.288096904754638672e-01
1.271040439605712891e-01
2.018692493438720703e-01
1.324312686920166016e-01
2.450206279754638672e-01
1.413488388061523438e-01
1.625876426696777344e-01
1.845302581787109375e-01
1.463181972503662109e-01
1.245834827423095703e-01
2.048251628875732422e-01
1.495323181152343750e-01
1.282777786254882812e-01
1.271917819976806641e-01
2.161056995391845703e-01
1.742069721221923828e-01
2.026319503784179688e-01
1.832749843597412109e-01
2.453155517578125000e-01
2.092096805572509766e-01
1.888806819915771484e-01
1.783287525177001953e-01
1.421604156494140625e-01
1.414079666137695312e-01
1.808044910430908203e-01
1.813569068908691406e-01
2.002780437469482422e-01
1.490428447723388672e-01
1.299393177032470703e-01
2.202687263488769531e-01
1.379861831665039062e-01
1.167740821838378906e-01
2.199540138244628906e-01
1.644122600555419922e-01
2.202322483062744141e-01
1.719729900360107422e-01
1.233789920806884766e-01
1.550831794738769531e-01
1.588449478149414062e-01
1.275448799133300781e-01
1.707689762115478516e-01
1.566891670227050781e-01
1.358871459960937500e-01
1.941540241241455078e-01
1.270790100097656250e-01
1.312384605407714844e-01
1.434035301208496094e-01
1.422290802001953125e-01
1.125316619873046875e-01
1.498959064483642578e-01
2.002737522125244141e-01
1.591966152191162109e-01
1.354362964630126953e-01
2.331066131591796875e-01
1.104516983032226562e-01
1.492247581481933594e-01
1.839256286621093750e-01
1.332180500030517578e-01
1.498308181762695312e-01
2.184169292449951172e-01
1.084251403808593750e-01
2.805867195129394531e-01
1.575114727020263672e-01
1.393256187438964844e-01
1.933000087738037109e-01
1.858031749725341797e-01
2.380616664886474609e-01
1.514425277709960938e-01
1.293692588806152344e-01
2.247071266174316406e-01
1.504352092742919922e-01
1.767253875732421875e-01
2.206709384918212891e-01
1.730685234069824219e-01
1.704659461975097656e-01
1.553468704223632812e-01
1.178469657897949219e-01
1.646733283996582031e-01
1.395993232727050781e-01
1.252627372741699219e-01
1.230309009552001953e-01
1.568834781646728516e-01
1.305315494537353516e-01
1.899821758270263672e-01
1.678202152252197266e-01
1.389999389648437500e-01
1.602120399475097656e-01
1.650748252868652344e-01
1.904857158660888672e-01
2.244062423706054688e-01
1.260268688201904297e-01
1.214962005615234375e-01
2.034740447998046875e-01
1.550164222717285156e-01
1.187448501586914062e-01
1.706044673919677734e-01
1.416342258453369141e-01
1.424741744995117188e-01
1.877799034118652344e-01
1.321203708648681641e-01
1.233708858489990234e-01
1.702253818511962891e-01
1.155998706817626953e-01
1.794917583465576172e-01
1.170368194580078125e-01
1.840109825134277344e-01
1.296002864837646484e-01
1.869993209838867188e-01
1.596095561981201172e-01
2.303533554077148438e-01
1.170907020568847656e-01
1.925053596496582031e-01
1.538577079772949219e-01
1.880669593811035156e-01
1.875677108764648438e-01
1.900355815887451172e-01
2.242445945739746094e-01
1.613080501556396484e-01
2.015645503997802734e-01
1.493682861328125000e-01
1.195738315582275391e-01
2.456710338592529297e-01
1.380569934844970703e-01
1.518118381500244141e-01
1.700148582458496094e-01
1.566259860992431641e-01
1.235063076019287109e-01
1.521205902099609375e-01
1.358432769775390625e-01
1.464972496032714844e-01
1.587836742401123047e-01
1.645827293395996094e-01
2.411170005798339844e-01
2.312669754028320312e-01
1.275916099548339844e-01
1.420094966888427734e-01
1.612634658813476562e-01
1.449396610260009766e-01
1.206891536712646484e-01
1.760647296905517578e-01
1.542060375213623047e-01
1.670796871185302734e-01
1.602640151977539062e-01
1.009919643402099609e-01
1.189737319946289062e-01
1.690049171447753906e-01
1.584038734436035156e-01
1.159698963165283203e-01
1.385035514831542969e-01
2.001290321350097656e-01
1.789066791534423828e-01
1.446907520294189453e-01
1.745514869689941406e-01
1.809942722320556641e-01
1.175997257232666016e-01
1.898772716522216797e-01
1.570835113525390625e-01
1.568691730499267578e-01
1.909773349761962891e-01
1.477656364440917969e-01
1.409606933593750000e-01
1.848368644714355469e-01
1.457061767578125000e-01
1.488220691680908203e-01
1.895055770874023438e-01
1.743965148925781250e-01
1.387615203857421875e-01
1.971564292907714844e-01
1.290047168731689453e-01
1.325623989105224609e-01
1.638908386230468750e-01
1.332535743713378906e-01
1.347677707672119141e-01
1.404423713684082031e-01
1.188797950744628906e-01
1.229827404022216797e-01
1.484401226043701172e-01
1.980388164520263672e-01
1.242260932922363281e-01
1.313281059265136719e-01
1.921110153198242188e-01
1.433701515197753906e-01
1.495695114135742188e-01
1.800301074981689453e-01
1.313104629516601562e-01
1.449482440948486328e-01
1.906020641326904297e-01
1.183578968048095703e-01
1.748239994049072266e-01
1.735241413116455078e-01
1.302852630615234375e-01
1.489117145538330078e-01
1.913578510284423828e-01
