1.685388088226318359e-01
2.009150981903076172e-01
1.539371013641357422e-01
1.448628902435302734e-01
2.265889644622802734e-01
1.802837848663330078e-01
1.721301078796386719e-01
1.941945552825927734e-01
1.411168575286865234e-01
1.535491943359375000e-01
2.061588764190673828e-01
1.509845256805419922e-01
1.794362068176269531e-01
2.337038516998291016e-01
1.801450252532958984e-01
2.193291187286376953e-01
1.985721588134765625e-01
1.670405864715576172e-01
1.784820556640625000e-01
1.552212238311767578e-01
1.482915878295898438e-01
1.775438785552978516e-01
1.969892978668212891e-01
1.899700164794921875e-01
1.577720642089843750e-01
1.978933811187744141e-01
1.562099456787109375e-01
1.501922607421875000e-01
1.747918128967285156e-01
1.523098945617675781e-01
1.871535778045654297e-01
2.077035903930664062e-01
2.363393306732177734e-01
1.754655838012695312e-01
2.069301605224609375e-01
1.748015880584716797e-01
1.544916629791259766e-01
1.832320690155029297e-01
1.994349956512451172e-01
1.676213741302490234e-01
1.946368217468261719e-01
2.345509529113769531e-01
1.623384952545166016e-01
2.498438358306884766e-01
2.040226459503173828e-01
2.619061470031738281e-01
2.292308807373046875e-01
2.607896327972412109e-01
2.185261249542236328e-01
1.488859653472900391e-01
1.816272735595703125e-01
2.274763584136962891e-01
1.564624309539794922e-01
2.478027343750000000e-01
1.827852725982666016e-01
2.003967761993408203e-01
1.917912960052490234e-01
2.452430725097656250e-01
2.010171413421630859e-01
1.415474414825439453e-01
2.321002483367919922e-01
2.434728145599365234e-01
2.569587230682373047e-01
2.522912025451660156e-01
1.502916812896728516e-01
1.357996463775634766e-01
2.243435382843017578e-01
1.403541564941406250e-01
1.540801525115966797e-01
1.955130100250244141e-01
1.811985969543457031e-01
1.850686073303222656e-01
1.558692455291748047e-01
1.789298057556152344e-01
1.443710327148437500e-01
1.293671131134033203e-01
1.887388229370117188e-01
1.563255786895751953e-01
1.805000305175781250e-01
2.337050437927246094e-01
1.659054756164550781e-01
2.077682018280029297e-01
1.647577285766601562e-01
1.946451663970947266e-01
1.988198757171630859e-01
1.996238231658935547e-01
1.962583065032958984e-01
2.212221622467041016e-01
1.572091579437255859e-01
2.138719558715820312e-01
2.296783924102783203e-01
1.593823432922363281e-01
1.980609893798828125e-01
2.744736671447753906e-01
2.163963317871093750e-01
2.189941406250000000e-01
1.545372009277343750e-01
2.300801277160644531e-01
2.167322635650634766e-01
2.193293571472167969e-01
2.796587944030761719e-01
2.276730537414550781e-01
1.501855850219726562e-01
2.058987617492675781e-01
1.332406997680664062e-01
1.487994194030761719e-01
1.955344676971435547e-01
1.474854946136474609e-01
1.480791568756103516e-01
1.952702999114990234e-01
1.987123489379882812e-01
1.909377574920654297e-01
1.719412803649902344e-01
2.457065582275390625e-01
1.600601673126220703e-01
1.809766292572021484e-01
2.750546932220458984e-01
2.343764305114746094e-01
1.824150085449218750e-01
1.562767028808593750e-01
2.074956893920898438e-01
2.072095870971679688e-01
1.496148109436035156e-01
1.522321701049804688e-01
1.872096061706542969e-01
1.788687705993652344e-01
2.202782630920410156e-01
1.575329303741455078e-01
1.757562160491943359e-01
1.604690551757812500e-01
1.383366584777832031e-01
2.333757877349853516e-01
1.368315219879150391e-01
1.537983417510986328e-01
1.930203437805175781e-01
2.666246891021728516e-01
1.464002132415771484e-01
2.449815273284912109e-01
1.405937671661376953e-01
1.674466133117675781e-01
2.179367542266845703e-01
1.857697963714599609e-01
2.012298107147216797e-01
2.492127418518066406e-01
2.230269908905029297e-01
2.153370380401611328e-01
1.853101253509521484e-01
2.502050399780273438e-01
1.757831573486328125e-01
2.235550880432128906e-01
1.529159545898437500e-01
2.353332042694091797e-01
1.462521553039550781e-01
1.751651763916015625e-01
1.623921394348144531e-01
1.389558315277099609e-01
1.603369712829589844e-01
2.007465362548828125e-01
1.722152233123779297e-01
1.438121795654296875e-01
2.544136047363281250e-01
2.169296741485595703e-01
1.438384056091308594e-01
1.907718181610107422e-01
1.398103237152099609e-01
1.685199737548828125e-01
1.798117160797119141e-01
1.359221935272216797e-01
1.811203956604003906e-01
2.349493503570556641e-01
1.387152671813964844e-01
1.113307476043701172e-01
1.394155025482177734e-01
2.293519973754882812e-01
1.419799327850341797e-01
1.321606636047363281e-01
2.245671749114990234e-01
1.847803592681884766e-01
2.536604404449462891e-01
1.761820316314697266e-01
1.508641242980957031e-01
2.576911449432373047e-01
1.167893409729003906e-01
1.747345924377441406e-01
2.035083770751953125e-01
1.730430126190185547e-01
1.753182411193847656e-01
1.491661071777343750e-01
2.156605720520019531e-01
1.701347827911376953e-01
1.665520668029785156e-01
2.110214233398437500e-01
1.808218955993652344e-01
2.385168075561523438e-01
1.582202911376953125e-01
2.242274284362792969e-01
1.617841720581054688e-01
1.975755691528320312e-01
1.462538242340087891e-01
1.396551132202148438e-01
2.147541046142578125e-01
1.246526241302490234e-01
1.446936130523681641e-01
1.352005004882812500e-01
2.135109901428222656e-01
1.629152297973632812e-01
1.578290462493896484e-01
1.785647869110107422e-01
1.917443275451660156e-01
1.549444198608398438e-01
2.212131023406982422e-01
1.572189331054687500e-01
1.562113761901855469e-01
2.044856548309326172e-01
1.749980449676513672e-01
1.273016929626464844e-01
2.311122417449951172e-01
1.597523689270019531e-01
1.616456508636474609e-01
2.086610794067382812e-01
1.960866451263427734e-01
