1.354417800903320312e-01
6.752133369445800781e-02
1.142835617065429688e-01
7.031536102294921875e-02
9.165811538696289062e-02
7.862567901611328125e-02
8.794260025024414062e-02
7.651519775390625000e-02
8.128547668457031250e-02
7.369709014892578125e-02
8.426976203918457031e-02
7.740092277526855469e-02
8.909392356872558594e-02
8.798122406005859375e-02
2.958340644836425781e-01
8.744621276855468750e-02
3.440666198730468750e-01
8.030414581298828125e-02
2.760221958160400391e-01
7.096052169799804688e-02
2.791326045989990234e-01
8.287787437438964844e-02
2.886142730712890625e-01
7.317280769348144531e-02
8.170652389526367188e-02
7.912707328796386719e-02
7.127356529235839844e-02
7.466530799865722656e-02
6.945729255676269531e-02
7.360267639160156250e-02
9.519290924072265625e-02
9.038734436035156250e-02
1.088793277740478516e-01
8.460927009582519531e-02
2.809286117553710938e-01
3.302080631256103516e-01
6.960916519165039062e-02
7.993936538696289062e-02
1.005697250366210938e-01
7.959890365600585938e-02
8.557009696960449219e-02
7.524442672729492188e-02
8.185648918151855469e-02
9.902715682983398438e-02
1.035966873168945312e-01
1.182770729064941406e-01
1.116201877593994141e-01
1.061234474182128906e-01
1.073369979858398438e-01
7.083630561828613281e-02
7.322430610656738281e-02
8.383798599243164062e-02
8.291339874267578125e-02
1.079049110412597656e-01
9.656953811645507812e-02
7.510590553283691406e-02
7.743620872497558594e-02
1.095190048217773438e-01
7.470345497131347656e-02
7.257294654846191406e-02
1.000826358795166016e-01
8.828949928283691406e-02
9.404897689819335938e-02
1.009430885314941406e-01
7.056713104248046875e-02
6.504321098327636719e-02
9.295248985290527344e-02
6.679153442382812500e-02
7.631158828735351562e-02
8.628463745117187500e-02
3.182260990142822266e-01
8.476853370666503906e-02
7.222294807434082031e-02
2.790682315826416016e-01
7.398462295532226562e-02
5.309319496154785156e-02
5.999708175659179688e-02
7.611846923828125000e-02
8.637690544128417969e-02
9.477734565734863281e-02
7.920980453491210938e-02
1.020090579986572266e-01
6.493616104125976562e-02
8.925652503967285156e-02
9.072923660278320312e-02
6.797409057617187500e-02
2.912158966064453125e-01
1.017301082611083984e-01
6.099128723144531250e-02
1.104552745819091797e-01
8.166933059692382812e-02
7.831025123596191406e-02
8.958959579467773438e-02
1.036818027496337891e-01
3.068306446075439453e-01
8.494138717651367188e-02
7.103252410888671875e-02
1.064386367797851562e-01
8.125543594360351562e-02
9.814715385437011719e-02
1.042773723602294922e-01
1.108851432800292969e-01
7.763552665710449219e-02
8.111095428466796875e-02
7.944726943969726562e-02
2.732338905334472656e-01
7.369446754455566406e-02
7.782149314880371094e-02
7.176876068115234375e-02
8.708572387695312500e-02
6.824064254760742188e-02
8.279848098754882812e-02
9.366726875305175781e-02
2.881882190704345703e-01
7.130479812622070312e-02
1.083037853240966797e-01
1.096255779266357422e-01
1.066288948059082031e-01
6.884717941284179688e-02
7.094287872314453125e-02
8.891844749450683594e-02
7.846260070800781250e-02
6.702470779418945312e-02
7.075691223144531250e-02
6.820058822631835938e-02
8.407926559448242188e-02
8.592247962951660156e-02
2.833056449890136719e-01
7.294154167175292969e-02
7.161784172058105469e-02
6.137871742248535156e-02
1.169915199279785156e-01
6.483507156372070312e-02
7.045006752014160156e-02
7.998132705688476562e-02
1.042661666870117188e-01
6.661105155944824219e-02
9.293150901794433594e-02
7.313489913940429688e-02
8.247017860412597656e-02
8.483862876892089844e-02
7.972478866577148438e-02
1.012964248657226562e-01
1.131708621978759766e-01
1.120274066925048828e-01
9.217691421508789062e-02
8.559608459472656250e-02
8.465027809143066406e-02
6.739711761474609375e-02
1.121664047241210938e-01
7.800674438476562500e-02
3.477914333343505859e-01
6.558752059936523438e-02
7.737040519714355469e-02
7.012844085693359375e-02
6.102466583251953125e-02
7.867550849914550781e-02
7.996559143066406250e-02
7.951927185058593750e-02
7.398104667663574219e-02
1.057574748992919922e-01
1.073672771453857422e-01
7.260107994079589844e-02
8.270573616027832031e-02
7.925677299499511719e-02
7.751846313476562500e-02
7.579731941223144531e-02
6.681752204895019531e-02
8.370518684387207031e-02
8.940625190734863281e-02
6.566786766052246094e-02
5.818223953247070312e-02
6.348228454589843750e-02
9.094643592834472656e-02
7.128524780273437500e-02
6.258010864257812500e-02
8.124899864196777344e-02
9.218168258666992188e-02
3.561773300170898438e-01
8.434200286865234375e-02
7.767248153686523438e-02
1.080267429351806641e-01
6.611490249633789062e-02
8.795094490051269531e-02
7.583260536193847656e-02
8.327412605285644531e-02
7.823491096496582031e-02
7.473278045654296875e-02
7.677841186523437500e-02
9.082102775573730469e-02
7.402324676513671875e-02
8.026814460754394531e-02
9.752130508422851562e-02
9.144926071166992188e-02
8.736753463745117188e-02
8.062219619750976562e-02
7.545614242553710938e-02
7.789993286132812500e-02
7.903790473937988281e-02
6.411623954772949219e-02
8.324742317199707031e-02
5.795955657958984375e-02
6.276345252990722656e-02
6.916499137878417969e-02
8.300924301147460938e-02
9.606266021728515625e-02
8.100652694702148438e-02
6.932711601257324219e-02
9.233880043029785156e-02
7.776880264282226562e-02
9.191298484802246094e-02
8.112621307373046875e-02
7.419419288635253906e-02
8.468317985534667969e-02
9.282779693603515625e-02
6.812858581542968750e-02
8.938026428222656250e-02
8.143782615661621094e-02
7.291102409362792969e-02
8.655881881713867188e-02
8.839058876037597656e-02
