2.759635448455810547e-01
2.020246982574462891e-01
1.887569427490234375e-01
2.424144744873046875e-01
2.105491161346435547e-01
2.615830898284912109e-01
2.431352138519287109e-01
2.567596435546875000e-01
1.938080787658691406e-01
2.508895397186279297e-01
2.519030570983886719e-01
2.640712261199951172e-01
2.564020156860351562e-01
2.965404987335205078e-01
2.514712810516357422e-01
2.634100914001464844e-01
2.800860404968261719e-01
2.246148586273193359e-01
1.834797859191894531e-01
2.186870574951171875e-01
1.777837276458740234e-01
2.799451351165771484e-01
1.898601055145263672e-01
2.417178153991699219e-01
2.155487537384033203e-01
2.546892166137695312e-01
2.098619937896728516e-01
2.412259578704833984e-01
1.899325847625732422e-01
1.954846382141113281e-01
2.750222682952880859e-01
2.250678539276123047e-01
3.517124652862548828e-01
2.641303539276123047e-01
2.321426868438720703e-01
2.358374595642089844e-01
2.250046730041503906e-01
2.343873977661132812e-01
2.616705894470214844e-01
2.539119720458984375e-01
1.987702846527099609e-01
2.591648101806640625e-01
2.100386619567871094e-01
3.068566322326660156e-01
2.400279045104980469e-01
3.441143035888671875e-01
3.500747680664062500e-01
2.881605625152587891e-01
3.508129119873046875e-01
2.059197425842285156e-01
2.429106235504150391e-01
2.484989166259765625e-01
2.539267539978027344e-01
3.286020755767822266e-01
2.380790710449218750e-01
2.583525180816650391e-01
1.951215267181396484e-01
3.486094474792480469e-01
2.119760513305664062e-01
2.258276939392089844e-01
3.569319248199462891e-01
2.970197200775146484e-01
3.294086456298828125e-01
2.842183113098144531e-01
2.237973213195800781e-01
1.880226135253906250e-01
2.848160266876220703e-01
1.845936775207519531e-01
2.584660053253173828e-01
2.559173107147216797e-01
2.254879474639892578e-01
2.537906169891357422e-01
2.636973857879638672e-01
2.035212516784667969e-01
1.889555454254150391e-01
1.978800296783447266e-01
1.669142246246337891e-01
2.370429039001464844e-01
2.579765319824218750e-01
2.906911373138427734e-01
1.987721920013427734e-01
3.314192295074462891e-01
1.670329570770263672e-01
2.932002544403076172e-01
2.585527896881103516e-01
2.388532161712646484e-01
2.608325481414794922e-01
3.226919174194335938e-01
1.537086963653564453e-01
3.372557163238525391e-01
2.396664619445800781e-01
2.564239501953125000e-01
2.765207290649414062e-01
2.898619174957275391e-01
3.302519321441650391e-01
2.264280319213867188e-01
2.338960170745849609e-01
2.912280559539794922e-01
2.919390201568603516e-01
3.162355422973632812e-01
2.780113220214843750e-01
3.315274715423583984e-01
2.204208374023437500e-01
2.491257190704345703e-01
1.803846359252929688e-01
2.419815063476562500e-01
2.122459411621093750e-01
2.349438667297363281e-01
1.862785816192626953e-01
3.171353340148925781e-01
2.064292430877685547e-01
3.469395637512207031e-01
2.141320705413818359e-01
2.553024291992187500e-01
2.199950218200683594e-01
2.850687503814697266e-01
2.998728752136230469e-01
3.197193145751953125e-01
1.878294944763183594e-01
2.254219055175781250e-01
2.812535762786865234e-01
2.758388519287109375e-01
1.910254955291748047e-01
2.583513259887695312e-01
1.814215183258056641e-01
2.602312564849853516e-01
1.878747940063476562e-01
1.952874660491943359e-01
2.189216613769531250e-01
1.881997585296630859e-01
2.155568599700927734e-01
2.753014564514160156e-01
2.284224033355712891e-01
1.946916580200195312e-01
1.530930995941162109e-01
3.475997447967529297e-01
1.901197433471679688e-01
3.020379543304443359e-01
1.830515861511230469e-01
2.751505374908447266e-01
2.244713306427001953e-01
3.050513267517089844e-01
3.062205314636230469e-01
3.445279598236083984e-01
3.391904830932617188e-01
2.402081489562988281e-01
2.662000656127929688e-01
2.204706668853759766e-01
2.255032062530517578e-01
3.679199218750000000e-01
2.427227497100830078e-01
2.854909896850585938e-01
1.890935897827148438e-01
1.665923595428466797e-01
1.938884258270263672e-01
1.652660369873046875e-01
2.014517784118652344e-01
2.481894493103027344e-01
2.275466918945312500e-01
2.636470794677734375e-01
3.625404834747314453e-01
3.717069625854492188e-01
2.345156669616699219e-01
2.085995674133300781e-01
1.998140811920166016e-01
2.474129199981689453e-01
1.876826286315917969e-01
2.195565700531005859e-01
2.080430984497070312e-01
3.324885368347167969e-01
1.799836158752441406e-01
1.354813575744628906e-01
2.071783542633056641e-01
2.926316261291503906e-01
2.278625965118408203e-01
1.884698867797851562e-01
2.385547161102294922e-01
2.650470733642578125e-01
3.227043151855468750e-01
2.159147262573242188e-01
2.526319026947021484e-01
2.963824272155761719e-01
1.494517326354980469e-01
2.493498325347900391e-01
2.063682079315185547e-01
2.469294071197509766e-01
2.331032752990722656e-01
2.140219211578369141e-01
2.356708049774169922e-01
2.748589515686035156e-01
2.078216075897216797e-01
2.772336006164550781e-01
2.318961620330810547e-01
3.045604228973388672e-01
2.128632068634033203e-01
2.644398212432861328e-01
1.774725914001464844e-01
2.357406616210937500e-01
2.048726081848144531e-01
1.670250892639160156e-01
2.439818382263183594e-01
1.636645793914794922e-01
1.673908233642578125e-01
2.199838161468505859e-01
2.311103343963623047e-01
2.249984741210937500e-01
1.875193119049072266e-01
1.485641002655029297e-01
2.602634429931640625e-01
1.758484840393066406e-01
2.906646728515625000e-01
2.102217674255371094e-01
2.468605041503906250e-01
2.072930335998535156e-01
2.937562465667724609e-01
1.789305210113525391e-01
2.760174274444580078e-01
2.068104743957519531e-01
1.772303581237792969e-01
2.554881572723388672e-01
2.325792312622070312e-01
