3.281116485595703125e-01
6.681394577026367188e-02
7.778835296630859375e-02
7.441234588623046875e-02
7.341098785400390625e-02
7.615137100219726562e-02
8.159518241882324219e-02
7.518720626831054688e-02
6.725120544433593750e-02
7.415747642517089844e-02
7.915806770324707031e-02
7.465910911560058594e-02
8.846402168273925781e-02
8.839535713195800781e-02
8.781337738037109375e-02
8.472466468811035156e-02
9.280633926391601562e-02
7.808566093444824219e-02
6.211304664611816406e-02
7.249546051025390625e-02
6.921100616455078125e-02
8.672094345092773438e-02
8.798432350158691406e-02
8.527898788452148438e-02
7.894086837768554688e-02
7.852339744567871094e-02
7.309079170227050781e-02
7.349634170532226562e-02
8.003544807434082031e-02
7.394933700561523438e-02
8.849906921386718750e-02
8.003520965576171875e-02
1.047663688659667969e-01
7.948589324951171875e-02
8.349823951721191406e-02
7.839179039001464844e-02
7.272553443908691406e-02
3.212859630584716797e-01
3.369886875152587891e-01
7.296347618103027344e-02
8.046650886535644531e-02
8.662676811218261719e-02
8.083319664001464844e-02
9.331560134887695312e-02
9.361457824707031250e-02
1.107752323150634766e-01
3.564553260803222656e-01
1.141037940979003906e-01
1.027429103851318359e-01
8.041334152221679688e-02
7.980060577392578125e-02
7.514882087707519531e-02
7.390618324279785156e-02
9.654974937438964844e-02
3.361139297485351562e-01
7.368683815002441406e-02
7.330060005187988281e-02
1.079092025756835938e-01
7.681536674499511719e-02
6.816196441650390625e-02
9.804725646972656250e-02
8.498048782348632812e-02
1.005930900573730469e-01
9.632992744445800781e-02
6.568551063537597656e-02
6.296324729919433594e-02
9.329533576965332031e-02
6.621932983398437500e-02
7.140088081359863281e-02
8.499622344970703125e-02
7.118892669677734375e-02
8.462715148925781250e-02
7.649302482604980469e-02
6.536531448364257812e-02
8.356595039367675781e-02
5.899524688720703125e-02
6.602811813354492188e-02
7.142138481140136719e-02
8.295297622680664062e-02
1.025817394256591797e-01
8.053421974182128906e-02
9.938168525695800781e-02
5.930376052856445312e-02
9.529829025268554688e-02
8.420777320861816406e-02
6.754469871520996094e-02
8.330631256103515625e-02
9.509825706481933594e-02
5.680823326110839844e-02
1.112718582153320312e-01
8.569073677062988281e-02
7.472634315490722656e-02
8.625721931457519531e-02
1.219439506530761719e-01
1.049506664276123047e-01
7.618784904479980469e-02
6.698346138000488281e-02
1.104276180267333984e-01
7.857441902160644531e-02
1.049926280975341797e-01
1.002435684204101562e-01
1.025884151458740234e-01
6.966686248779296875e-02
7.814383506774902344e-02
7.409930229187011719e-02
7.008481025695800781e-02
7.352972030639648438e-02
7.587671279907226562e-02
6.908822059631347656e-02
8.992624282836914062e-02
6.846666336059570312e-02
3.304221630096435547e-01
7.450866699218750000e-02
7.860517501831054688e-02
6.865715980529785156e-02
8.752775192260742188e-02
3.259656429290771484e-01
1.099057197570800781e-01
7.582092285156250000e-02
6.708478927612304688e-02
8.992385864257812500e-02
7.559728622436523438e-02
7.770323753356933594e-02
7.267737388610839844e-02
7.790946960449218750e-02
8.169937133789062500e-02
7.127475738525390625e-02
6.927800178527832031e-02
6.602549552917480469e-02
7.168817520141601562e-02
6.775212287902832031e-02
1.012094020843505859e-01
6.601190567016601562e-02
6.790757179260253906e-02
6.509351730346679688e-02
1.138141155242919922e-01
6.858730316162109375e-02
9.354424476623535156e-02
6.449007987976074219e-02
8.049178123474121094e-02
8.332228660583496094e-02
8.024048805236816406e-02
9.433603286743164062e-02
1.071982383728027344e-01
1.053938865661621094e-01
8.002543449401855469e-02
7.802700996398925781e-02
8.593177795410156250e-02
7.152605056762695312e-02
9.983968734741210938e-02
7.803082466125488281e-02
9.773540496826171875e-02
6.579971313476562500e-02
6.715750694274902344e-02
6.980872154235839844e-02
3.110573291778564453e-01
6.925511360168457031e-02
7.097339630126953125e-02
8.211660385131835938e-02
6.837964057922363281e-02
1.147382259368896484e-01
1.188728809356689453e-01
7.372784614562988281e-02
7.531332969665527344e-02
6.586718559265136719e-02
8.562898635864257812e-02
8.157300949096679688e-02
3.178317546844482422e-01
8.336758613586425781e-02
1.023488044738769531e-01
6.885361671447753906e-02
6.572270393371582031e-02
6.352210044860839844e-02
8.502388000488281250e-02
6.425523757934570312e-02
6.397151947021484375e-02
7.369685173034667969e-02
9.351754188537597656e-02
9.230303764343261719e-02
7.583618164062500000e-02
7.982921600341796875e-02
9.786343574523925781e-02
5.827116966247558594e-02
7.784795761108398438e-02
7.153034210205078125e-02
8.046889305114746094e-02
8.030319213867187500e-02
6.548380851745605469e-02
3.412132263183593750e-01
8.662724494934082031e-02
7.482647895812988281e-02
9.244394302368164062e-02
9.172034263610839844e-02
1.010568141937255859e-01
7.932829856872558594e-02
9.456753730773925781e-02
7.598018646240234375e-02
7.120776176452636719e-02
7.199859619140625000e-02
6.531953811645507812e-02
3.307600021362304688e-01
5.637550354003906250e-02
5.971717834472656250e-02
6.015491485595703125e-02
6.873536109924316406e-02
7.546329498291015625e-02
6.412410736083984375e-02
6.989502906799316406e-02
8.358860015869140625e-02
6.716442108154296875e-02
2.993764877319335938e-01
7.240152359008789062e-02
6.959080696105957031e-02
8.048534393310546875e-02
8.319926261901855469e-02
5.870127677917480469e-02
8.925056457519531250e-02
6.959652900695800781e-02
6.521224975585937500e-02
7.611036300659179688e-02
7.582354545593261719e-02
