2.144885063171386719e-02
1.727819442749023438e-02
1.206183433532714844e-02
1.141142845153808594e-02
2.040648460388183594e-02
1.262640953063964844e-02
1.172232627868652344e-02
1.296877861022949219e-02
1.142859458923339844e-02
1.306033134460449219e-02
1.708054542541503906e-02
1.226925849914550781e-02
1.310467720031738281e-02
1.150822639465332031e-02
1.322770118713378906e-02
1.201128959655761719e-02
1.302695274353027344e-02
1.188302040100097656e-02
1.277112960815429688e-02
1.199197769165039062e-02
1.202750205993652344e-02
1.178741455078125000e-02
1.209402084350585938e-02
1.179170608520507812e-02
1.264047622680664062e-02
1.161074638366699219e-02
1.360583305358886719e-02
1.135063171386718750e-02
1.172637939453125000e-02
1.128745079040527344e-02
1.268672943115234375e-02
1.131153106689453125e-02
1.334285736083984375e-02
1.194334030151367188e-02
1.268339157104492188e-02
1.347303390502929688e-02
1.309084892272949219e-02
1.079440116882324219e-02
1.587319374084472656e-02
1.340222358703613281e-02
1.218366622924804688e-02
1.142382621765136719e-02
1.258850097656250000e-02
1.396536827087402344e-02
1.766967773437500000e-02
1.647090911865234375e-02
2.049684524536132812e-02
1.362109184265136719e-02
1.501703262329101562e-02
1.364541053771972656e-02
1.827144622802734375e-02
1.233959197998046875e-02
1.341080665588378906e-02
1.794409751892089844e-02
1.361083984375000000e-02
1.281237602233886719e-02
1.306796073913574219e-02
1.289296150207519531e-02
1.136589050292968750e-02
1.025700569152832031e-02
1.396369934082031250e-02
1.239395141601562500e-02
1.333570480346679688e-02
1.339960098266601562e-02
1.380920410156250000e-02
1.098752021789550781e-02
1.275563240051269531e-02
9.928941726684570312e-03
1.914811134338378906e-02
1.852345466613769531e-02
1.258850097656250000e-02
1.254677772521972656e-02
1.244187355041503906e-02
1.101040840148925781e-02
1.301169395446777344e-02
9.651660919189453125e-03
9.923696517944335938e-03
1.094985008239746094e-02
1.295328140258789062e-02
1.172327995300292969e-02
1.269412040710449219e-02
1.243925094604492188e-02
1.115703582763671875e-02
1.102972030639648438e-02
1.302957534790039062e-02
1.301646232604980469e-02
1.279115676879882812e-02
1.204013824462890625e-02
1.570057868957519531e-02
1.566505432128906250e-02
1.288509368896484375e-02
1.121711730957031250e-02
1.459288597106933594e-02
1.433372497558593750e-02
1.499652862548828125e-02
1.230549812316894531e-02
1.297330856323242188e-02
1.342964172363281250e-02
1.276803016662597656e-02
1.256322860717773438e-02
1.408624649047851562e-02
1.306509971618652344e-02
1.215076446533203125e-02
1.178455352783203125e-02
1.162266731262207031e-02
1.120877265930175781e-02
1.158070564270019531e-02
1.051163673400878906e-02
1.241898536682128906e-02
1.185727119445800781e-02
1.240277290344238281e-02
1.125216484069824219e-02
1.213669776916503906e-02
1.224803924560546875e-02
1.497745513916015625e-02
1.407408714294433594e-02
1.459455490112304688e-02
1.258778572082519531e-02
1.238656044006347656e-02
1.103091239929199219e-02
1.339340209960937500e-02
1.123809814453125000e-02
1.307010650634765625e-02
1.165032386779785156e-02
1.144552230834960938e-02
1.188087463378906250e-02
1.219534873962402344e-02
1.115202903747558594e-02
1.154971122741699219e-02
1.121687889099121094e-02
1.091098785400390625e-02
1.305818557739257812e-02
1.177096366882324219e-02
1.133179664611816406e-02
1.133990287780761719e-02
1.286506652832031250e-02
1.198458671569824219e-02
1.180458068847656250e-02
1.181459426879882812e-02
1.132678985595703125e-02
1.273560523986816406e-02
1.135945320129394531e-02
1.285028457641601562e-02
1.402473449707031250e-02
1.279711723327636719e-02
1.260876655578613281e-02
1.382565498352050781e-02
1.172828674316406250e-02
1.238441467285156250e-02
1.433634757995605469e-02
1.347756385803222656e-02
1.461052894592285156e-02
1.259088516235351562e-02
1.107454299926757812e-02
1.517438888549804688e-02
1.194739341735839844e-02
1.228284835815429688e-02
1.159977912902832031e-02
1.243042945861816406e-02
1.089882850646972656e-02
1.368451118469238281e-02
1.350045204162597656e-02
1.210427284240722656e-02
1.565694808959960938e-02
1.196789741516113281e-02
1.197743415832519531e-02
1.700925827026367188e-02
1.201081275939941406e-02
1.253080368041992188e-02
1.221990585327148438e-02
1.600885391235351562e-02
1.210093498229980469e-02
6.032824516296386719e-02
1.129651069641113281e-02
1.040196418762207031e-02
1.636433601379394531e-02
1.164054870605468750e-02
1.451325416564941406e-02
1.590251922607421875e-02
1.240658760070800781e-02
1.079416275024414062e-02
1.319336891174316406e-02
1.490759849548339844e-02
1.278781890869140625e-02
1.079893112182617188e-02
1.314449310302734375e-02
2.343797683715820312e-02
1.216506958007812500e-02
1.569509506225585938e-02
1.382684707641601562e-02
1.199388504028320312e-02
1.211786270141601562e-02
1.263451576232910156e-02
1.836633682250976562e-02
1.200556755065917969e-02
1.374483108520507812e-02
1.105761528015136719e-02
1.211047172546386719e-02
1.079678535461425781e-02
1.216101646423339844e-02
1.238107681274414062e-02
1.051354408264160156e-02
1.065540313720703125e-02
1.091051101684570312e-02
1.115989685058593750e-02
1.228499412536621094e-02
1.087927818298339844e-02
1.209592819213867188e-02
1.227784156799316406e-02
1.171088218688964844e-02
1.152467727661132812e-02
1.226377487182617188e-02
1.113247871398925781e-02
1.278829574584960938e-02
1.592946052551269531e-02
1.057100296020507812e-02
1.190781593322753906e-02
1.311683654785156250e-02
1.147937774658203125e-02
1.916146278381347656e-02
1.916289329528808594e-02
