2.144455909729003906e-02
1.589608192443847656e-02
1.106166839599609375e-02
1.124143600463867188e-02
1.337218284606933594e-02
2.043890953063964844e-02
1.265215873718261719e-02
1.159691810607910156e-02
1.156115531921386719e-02
1.396822929382324219e-02
1.231956481933593750e-02
1.573014259338378906e-02
1.607513427734375000e-02
1.972126960754394531e-02
1.308012008666992188e-02
1.324534416198730469e-02
1.243352890014648438e-02
5.631637573242187500e-02
1.016569137573242188e-02
1.143288612365722656e-02
1.032114028930664062e-02
1.275205612182617188e-02
1.108551025390625000e-02
1.416087150573730469e-02
1.457738876342773438e-02
1.132416725158691406e-02
1.011872291564941406e-02
1.110959053039550781e-02
1.031017303466796875e-02
1.522922515869140625e-02
1.633763313293457031e-02
1.663327217102050781e-02
1.525473594665527344e-02
1.699018478393554688e-02
1.193547248840332031e-02
1.174736022949218750e-02
1.062965393066406250e-02
1.107168197631835938e-02
1.126027107238769531e-02
1.273560523986816406e-02
1.192378997802734375e-02
1.316785812377929688e-02
1.224946975708007812e-02
1.592516899108886719e-02
1.354002952575683594e-02
1.326751708984375000e-02
1.316666603088378906e-02
2.298903465270996094e-02
1.344084739685058594e-02
1.241898536682128906e-02
1.574563980102539062e-02
1.225590705871582031e-02
1.698946952819824219e-02
1.903223991394042969e-02
1.697969436645507812e-02
1.339483261108398438e-02
1.117706298828125000e-02
1.458048820495605469e-02
1.120853424072265625e-02
1.185369491577148438e-02
1.358890533447265625e-02
1.228237152099609375e-02
1.198124885559082031e-02
1.633405685424804688e-02
1.437568664550781250e-02
1.250028610229492188e-02
1.809310913085937500e-02
1.245689392089843750e-02
1.126313209533691406e-02
1.220917701721191406e-02
1.007056236267089844e-02
1.409792900085449219e-02
1.495957374572753906e-02
1.348090171813964844e-02
1.895689964294433594e-02
1.742386817932128906e-02
1.368570327758789062e-02
1.215410232543945312e-02
1.124024391174316406e-02
1.202178001403808594e-02
1.242041587829589844e-02
1.345944404602050781e-02
1.001000404357910156e-02
1.277804374694824219e-02
1.260495185852050781e-02
1.223349571228027344e-02
1.193475723266601562e-02
1.382422447204589844e-02
1.011800765991210938e-02
1.432871818542480469e-02
1.251316070556640625e-02
1.247763633728027344e-02
1.464986801147460938e-02
1.593399047851562500e-02
1.194691658020019531e-02
1.138257980346679688e-02
1.342177391052246094e-02
1.291513442993164062e-02
1.609158515930175781e-02
1.306629180908203125e-02
1.742506027221679688e-02
1.293921470642089844e-02
1.061582565307617188e-02
1.131892204284667969e-02
1.058459281921386719e-02
1.118183135986328125e-02
1.139616966247558594e-02
1.176142692565917969e-02
1.634168624877929688e-02
1.149058341979980469e-02
1.019716262817382812e-02
1.187539100646972656e-02
1.091241836547851562e-02
1.410317420959472656e-02
1.723170280456542969e-02
1.694560050964355469e-02
1.167678833007812500e-02
1.649427413940429688e-02
1.203060150146484375e-02
1.190590858459472656e-02
1.119208335876464844e-02
1.202249526977539062e-02
1.058864593505859375e-02
1.103258132934570312e-02
1.513576507568359375e-02
1.317524909973144531e-02
1.158094406127929688e-02
1.114749908447265625e-02
1.032590866088867188e-02
1.081347465515136719e-02
9.990215301513671875e-03
1.253700256347656250e-02
1.158571243286132812e-02
1.540470123291015625e-02
9.845018386840820312e-03
1.459741592407226562e-02
1.162242889404296875e-02
1.437091827392578125e-02
1.155090332031250000e-02
1.277923583984375000e-02
1.128840446472167969e-02
1.238059997558593750e-02
1.241755485534667969e-02
1.435923576354980469e-02
1.339697837829589844e-02
1.253509521484375000e-02
1.132655143737792969e-02
1.122808456420898438e-02
1.036834716796875000e-02
1.279687881469726562e-02
1.079654693603515625e-02
1.180362701416015625e-02
1.023626327514648438e-02
1.080846786499023438e-02
1.128602027893066406e-02
1.251792907714843750e-02
1.129293441772460938e-02
1.190805435180664062e-02
1.194691658020019531e-02
1.208043098449707031e-02
1.288962364196777344e-02
1.510524749755859375e-02
1.123356819152832031e-02
1.292824745178222656e-02
1.094579696655273438e-02
1.240706443786621094e-02
1.127099990844726562e-02
1.141047477722167969e-02
1.102709770202636719e-02
1.351737976074218750e-02
1.171040534973144531e-02
1.085615158081054688e-02
1.200342178344726562e-02
1.324176788330078125e-02
1.096582412719726562e-02
1.569509506225585938e-02
1.222801208496093750e-02
1.711463928222656250e-02
1.371836662292480469e-02
1.347494125366210938e-02
1.102471351623535156e-02
2.000236511230468750e-02
9.840726852416992188e-03
1.243996620178222656e-02
1.136398315429687500e-02
1.377201080322265625e-02
1.217865943908691406e-02
1.189637184143066406e-02
1.189875602722167969e-02
1.229333877563476562e-02
1.153659820556640625e-02
1.216340065002441406e-02
1.157164573669433594e-02
1.362013816833496094e-02
1.196217536926269531e-02
1.692056655883789062e-02
1.161241531372070312e-02
1.220321655273437500e-02
1.501178741455078125e-02
1.073360443115234375e-02
1.611304283142089844e-02
1.130843162536621094e-02
1.098370552062988281e-02
1.190638542175292969e-02
1.250338554382324219e-02
1.449704170227050781e-02
1.138138771057128906e-02
1.106119155883789062e-02
1.109766960144042969e-02
1.201677322387695312e-02
1.121020317077636719e-02
1.470279693603515625e-02
1.288199424743652344e-02
1.112914085388183594e-02
1.113963127136230469e-02
1.010584831237792969e-02
1.135849952697753906e-02
1.129889488220214844e-02
9.967088699340820312e-03
1.318573951721191406e-02
1.089453697204589844e-02
