2.119231224060058594e-02
2.054476737976074219e-02
2.094674110412597656e-02
2.017235755920410156e-02
1.913237571716308594e-02
1.841044425964355469e-02
1.882672309875488281e-02
1.784825325012207031e-02
1.741409301757812500e-02
1.658296585083007812e-02
1.980853080749511719e-02
1.799178123474121094e-02
2.001643180847167969e-02
1.727008819580078125e-02
1.923584938049316406e-02
1.780343055725097656e-02
1.812839508056640625e-02
1.803636550903320312e-02
1.732230186462402344e-02
1.846408843994140625e-02
1.851725578308105469e-02
1.709008216857910156e-02
1.980447769165039062e-02
1.699471473693847656e-02
1.784300804138183594e-02
1.769852638244628906e-02
1.679182052612304688e-02
1.751732826232910156e-02
1.811122894287109375e-02
1.952862739562988281e-02
1.967620849609375000e-02
1.655101776123046875e-02
1.837754249572753906e-02
2.259540557861328125e-02
1.915812492370605469e-02
1.763176918029785156e-02
1.805901527404785156e-02
1.916503906250000000e-02
1.946687698364257812e-02
1.798319816589355469e-02
1.733684539794921875e-02
1.696991920471191406e-02
2.074170112609863281e-02
2.231192588806152344e-02
1.922607421875000000e-02
1.976084709167480469e-02
1.832723617553710938e-02
1.857733726501464844e-02
2.135968208312988281e-02
2.027034759521484375e-02
1.883506774902343750e-02
2.318429946899414062e-02
2.020049095153808594e-02
1.839542388916015625e-02
2.000284194946289062e-02
1.863455772399902344e-02
2.152872085571289062e-02
2.119183540344238281e-02
1.813840866088867188e-02
2.117109298706054688e-02
1.899528503417968750e-02
1.799440383911132812e-02
1.848101615905761719e-02
1.746273040771484375e-02
1.941156387329101562e-02
1.684165000915527344e-02
1.796650886535644531e-02
2.027630805969238281e-02
1.985359191894531250e-02
1.826691627502441406e-02
1.896214485168457031e-02
1.745891571044921875e-02
1.841211318969726562e-02
1.719999313354492188e-02
1.863408088684082031e-02
1.937794685363769531e-02
1.664781570434570312e-02
1.783013343811035156e-02
1.862645149230957031e-02
2.259016036987304688e-02
1.861691474914550781e-02
2.030038833618164062e-02
1.836800575256347656e-02
1.854109764099121094e-02
1.803278923034667969e-02
1.990842819213867188e-02
1.823639869689941406e-02
1.938176155090332031e-02
2.626132965087890625e-02
1.964855194091796875e-02
2.027821540832519531e-02
1.754546165466308594e-02
1.832818984985351562e-02
1.945495605468750000e-02
1.932787895202636719e-02
1.755452156066894531e-02
1.736998558044433594e-02
2.056360244750976562e-02
1.800417900085449219e-02
1.985931396484375000e-02
2.285671234130859375e-02
1.869010925292968750e-02
1.926994323730468750e-02
2.232527732849121094e-02
1.846837997436523438e-02
1.846933364868164062e-02
1.837038993835449219e-02
2.157855033874511719e-02
1.740765571594238281e-02
1.878428459167480469e-02
1.962852478027343750e-02
1.735711097717285156e-02
1.849651336669921875e-02
1.777625083923339844e-02
2.007341384887695312e-02
2.157330513000488281e-02
1.879525184631347656e-02
1.906251907348632812e-02
1.910138130187988281e-02
2.045559883117675781e-02
1.829981803894042969e-02
1.732921600341796875e-02
1.724934577941894531e-02
2.150368690490722656e-02
2.123665809631347656e-02
1.959490776062011719e-02
1.739573478698730469e-02
1.958036422729492188e-02
1.696324348449707031e-02
1.792883872985839844e-02
1.913785934448242188e-02
1.741695404052734375e-02
1.826024055480957031e-02
1.732420921325683594e-02
1.978063583374023438e-02
1.878523826599121094e-02
1.779913902282714844e-02
1.845407485961914062e-02
1.772475242614746094e-02
1.817750930786132812e-02
1.886439323425292969e-02
1.761150360107421875e-02
1.765155792236328125e-02
1.884961128234863281e-02
1.878190040588378906e-02
1.838517189025878906e-02
1.685309410095214844e-02
1.808619499206542969e-02
1.728773117065429688e-02
1.819634437561035156e-02
2.039837837219238281e-02
1.791191101074218750e-02
1.865339279174804688e-02
1.742053031921386719e-02
1.800918579101562500e-02
1.815605163574218750e-02
1.696801185607910156e-02
2.167177200317382812e-02
1.796030998229980469e-02
1.803088188171386719e-02
1.894259452819824219e-02
1.898431777954101562e-02
1.752543449401855469e-02
1.767086982727050781e-02
1.770186424255371094e-02
1.862883567810058594e-02
1.661753654479980469e-02
1.756381988525390625e-02
1.715946197509765625e-02
2.147603034973144531e-02
1.966524124145507812e-02
1.683902740478515625e-02
1.763749122619628906e-02
1.807522773742675781e-02
1.793646812438964844e-02
1.839399337768554688e-02
1.978731155395507812e-02
1.739764213562011719e-02
1.745414733886718750e-02
1.719403266906738281e-02
1.792669296264648438e-02
1.807260513305664062e-02
1.810216903686523438e-02
1.605153083801269531e-02
1.732230186462402344e-02
1.816272735595703125e-02
1.671004295349121094e-02
1.759934425354003906e-02
1.707649230957031250e-02
1.806759834289550781e-02
1.961755752563476562e-02
1.827335357666015625e-02
1.908397674560546875e-02
1.722311973571777344e-02
1.765751838684082031e-02
1.746749877929687500e-02
1.723670959472656250e-02
1.794910430908203125e-02
1.755189895629882812e-02
1.822352409362792969e-02
1.784610748291015625e-02
1.960825920104980469e-02
2.021360397338867188e-02
2.021098136901855469e-02
2.034687995910644531e-02
1.867747306823730469e-02
1.769852638244628906e-02
1.765561103820800781e-02
2.047562599182128906e-02
1.675677299499511719e-02
1.958656311035156250e-02
1.773357391357421875e-02
2.124309539794921875e-02
1.833438873291015625e-02
1.812887191772460938e-02
1.904129981994628906e-02
1.796197891235351562e-02
1.808238029479980469e-02
1.660513877868652344e-02
1.851105690002441406e-02
1.885461807250976562e-02
