2.356576919555664062e-02
1.867961883544921875e-02
2.302432060241699219e-02
2.352952957153320312e-02
2.107739448547363281e-02
1.880383491516113281e-02
2.284049987792968750e-02
1.968097686767578125e-02
2.246546745300292969e-02
1.949882507324218750e-02
1.874113082885742188e-02
2.280759811401367188e-02
1.893877983093261719e-02
1.927018165588378906e-02
2.089166641235351562e-02
2.103447914123535156e-02
2.187776565551757812e-02
1.916885375976562500e-02
2.062988281250000000e-02
2.231693267822265625e-02
1.997256278991699219e-02
1.992630958557128906e-02
1.851081848144531250e-02
1.881790161132812500e-02
2.190923690795898438e-02
2.022767066955566406e-02
1.967501640319824219e-02
1.889443397521972656e-02
2.057838439941406250e-02
1.805138587951660156e-02
2.501749992370605469e-02
1.733303070068359375e-02
2.066230773925781250e-02
1.821279525756835938e-02
2.224230766296386719e-02
2.078652381896972656e-02
1.820182800292968750e-02
1.831221580505371094e-02
1.871061325073242188e-02
2.104544639587402344e-02
2.016472816467285156e-02
2.257895469665527344e-02
2.001857757568359375e-02
2.427339553833007812e-02
2.257919311523437500e-02
2.203512191772460938e-02
2.030301094055175781e-02
2.210044860839843750e-02
2.481174468994140625e-02
2.279210090637207031e-02
1.969933509826660156e-02
1.841068267822265625e-02
1.912832260131835938e-02
2.133703231811523438e-02
2.409982681274414062e-02
1.962351799011230469e-02
2.426028251647949219e-02
2.099633216857910156e-02
2.062559127807617188e-02
1.923370361328125000e-02
2.171683311462402344e-02
1.853919029235839844e-02
2.013254165649414062e-02
2.208924293518066406e-02
1.963520050048828125e-02
2.200865745544433594e-02
1.936054229736328125e-02
2.010846138000488281e-02
1.830434799194335938e-02
1.963591575622558594e-02
2.250933647155761719e-02
1.872396469116210938e-02
1.899385452270507812e-02
2.054071426391601562e-02
2.347564697265625000e-02
2.466225624084472656e-02
1.903986930847167969e-02
1.984071731567382812e-02
1.860928535461425781e-02
1.958775520324707031e-02
1.741290092468261719e-02
2.126169204711914062e-02
1.793742179870605469e-02
1.936650276184082031e-02
2.139997482299804688e-02
1.796865463256835938e-02
1.964116096496582031e-02
2.028298377990722656e-02
1.844477653503417969e-02
2.646398544311523438e-02
1.828956604003906250e-02
2.156591415405273438e-02
2.060508728027343750e-02
2.066850662231445312e-02
2.098226547241210938e-02
1.803493499755859375e-02
1.871871948242187500e-02
2.031707763671875000e-02
1.940989494323730469e-02
2.247714996337890625e-02
1.988911628723144531e-02
2.175521850585937500e-02
1.832365989685058594e-02
2.277231216430664062e-02
2.026033401489257812e-02
1.838612556457519531e-02
1.967763900756835938e-02
2.252197265625000000e-02
2.250766754150390625e-02
2.363252639770507812e-02
2.010416984558105469e-02
2.053618431091308594e-02
1.971745491027832031e-02
2.232217788696289062e-02
2.037334442138671875e-02
1.835632324218750000e-02
2.114558219909667969e-02
2.108454704284667969e-02
1.930141448974609375e-02
2.050542831420898438e-02
1.873159408569335938e-02
2.103424072265625000e-02
1.695179939270019531e-02
2.041268348693847656e-02
1.878929138183593750e-02
1.845097541809082031e-02
1.933813095092773438e-02
2.151656150817871094e-02
1.965284347534179688e-02
2.135157585144042969e-02
1.776504516601562500e-02
2.025818824768066406e-02
1.778745651245117188e-02
1.868796348571777344e-02
1.871132850646972656e-02
1.871156692504882812e-02
2.100992202758789062e-02
2.139687538146972656e-02
2.370047569274902344e-02
1.872873306274414062e-02
1.909947395324707031e-02
2.346944808959960938e-02
2.027773857116699219e-02
2.166724205017089844e-02
2.025079727172851562e-02
1.866054534912109375e-02
1.925420761108398438e-02
1.860737800598144531e-02
2.016091346740722656e-02
2.357602119445800781e-02
1.881933212280273438e-02
1.893520355224609375e-02
1.828241348266601562e-02
1.855182647705078125e-02
2.010178565979003906e-02
1.880693435668945312e-02
2.225756645202636719e-02
1.907587051391601562e-02
1.957440376281738281e-02
1.894783973693847656e-02
1.993608474731445312e-02
2.228760719299316406e-02
1.985192298889160156e-02
2.107000350952148438e-02
1.889085769653320312e-02
1.831269264221191406e-02
1.821374893188476562e-02
1.958608627319335938e-02
2.017498016357421875e-02
2.083516120910644531e-02
1.735663414001464844e-02
1.791214942932128906e-02
2.312088012695312500e-02
1.999545097351074219e-02
1.932144165039062500e-02
1.958560943603515625e-02
1.857614517211914062e-02
1.933598518371582031e-02
2.424621582031250000e-02
1.902055740356445312e-02
1.877617835998535156e-02
1.980447769165039062e-02
1.767277717590332031e-02
1.904249191284179688e-02
1.833891868591308594e-02
1.812148094177246094e-02
1.943492889404296875e-02
1.695704460144042969e-02
2.265739440917968750e-02
2.012228965759277344e-02
1.890158653259277344e-02
2.358102798461914062e-02
2.313327789306640625e-02
2.086758613586425781e-02
2.017498016357421875e-02
1.775240898132324219e-02
1.797962188720703125e-02
1.878952980041503906e-02
1.915216445922851562e-02
1.971411705017089844e-02
2.312874794006347656e-02
1.974630355834960938e-02
1.847028732299804688e-02
2.335643768310546875e-02
2.492213249206542969e-02
1.872110366821289062e-02
1.859998703002929688e-02
1.679325103759765625e-02
1.871490478515625000e-02
1.873517036437988281e-02
2.075576782226562500e-02
2.247452735900878906e-02
2.198076248168945312e-02
2.031111717224121094e-02
2.022099494934082031e-02
1.721644401550292969e-02
2.078390121459960938e-02
1.804804801940917969e-02
1.886320114135742188e-02
2.011132240295410156e-02
1.823019981384277344e-02
