8.506488800048828125e-02
7.781767845153808594e-02
6.314158439636230469e-02
7.610845565795898438e-02
8.770322799682617188e-02
8.706569671630859375e-02
8.468127250671386719e-02
8.145117759704589844e-02
6.854486465454101562e-02
7.734012603759765625e-02
7.856917381286621094e-02
8.048510551452636719e-02
9.299588203430175781e-02
8.794617652893066406e-02
9.195137023925781250e-02
8.545994758605957031e-02
1.033098697662353516e-01
9.546303749084472656e-02
7.293987274169921875e-02
7.565450668334960938e-02
6.979322433471679688e-02
8.175468444824218750e-02
8.892345428466796875e-02
8.845973014831542969e-02
3.312072753906250000e-01
8.716249465942382812e-02
7.070899009704589844e-02
8.034086227416992188e-02
7.365751266479492188e-02
7.463479042053222656e-02
9.216976165771484375e-02
8.138060569763183594e-02
1.174283027648925781e-01
8.753633499145507812e-02
7.752013206481933594e-02
7.134366035461425781e-02
7.399487495422363281e-02
6.977152824401855469e-02
8.317518234252929688e-02
2.901644706726074219e-01
7.091760635375976562e-02
8.445715904235839844e-02
8.220958709716796875e-02
1.051969528198242188e-01
9.770631790161132812e-02
3.143296241760253906e-01
1.077871322631835938e-01
1.160604953765869141e-01
1.116042137145996094e-01
7.494759559631347656e-02
8.378100395202636719e-02
9.564399719238281250e-02
8.092737197875976562e-02
1.239523887634277344e-01
1.026639938354492188e-01
7.559084892272949219e-02
7.815289497375488281e-02
1.152396202087402344e-01
6.959772109985351562e-02
7.606911659240722656e-02
1.050758361816406250e-01
8.562850952148437500e-02
9.943509101867675781e-02
1.047735214233398438e-01
6.865692138671875000e-02
6.611871719360351562e-02
8.670401573181152344e-02
6.613111495971679688e-02
8.085513114929199219e-02
1.032085418701171875e-01
7.584643363952636719e-02
2.969479560852050781e-01
7.155275344848632812e-02
8.172130584716796875e-02
6.824731826782226562e-02
5.900621414184570312e-02
5.997014045715332031e-02
7.067012786865234375e-02
8.227658271789550781e-02
9.998488426208496094e-02
7.888007164001464844e-02
1.066517829895019531e-01
6.166386604309082031e-02
8.294391632080078125e-02
3.372578620910644531e-01
7.676434516906738281e-02
8.412003517150878906e-02
1.083559989929199219e-01
6.705379486083984375e-02
1.091105937957763672e-01
8.670830726623535156e-02
7.960629463195800781e-02
8.707761764526367188e-02
1.258294582366943359e-01
1.186182498931884766e-01
9.091830253601074219e-02
7.118558883666992188e-02
1.215891838073730469e-01
7.919359207153320312e-02
1.050000190734863281e-01
9.493303298950195312e-02
1.062784194946289062e-01
3.257458209991455078e-01
7.617568969726562500e-02
6.871867179870605469e-02
8.405756950378417969e-02
7.313632965087890625e-02
7.350611686706542969e-02
7.503461837768554688e-02
9.626770019531250000e-02
8.001637458801269531e-02
8.164668083190917969e-02
8.104252815246582031e-02
9.340500831604003906e-02
6.866264343261718750e-02
9.582591056823730469e-02
1.126739978790283203e-01
1.123905181884765625e-01
7.154893875122070312e-02
7.029151916503906250e-02
9.510731697082519531e-02
7.649207115173339844e-02
2.796399593353271484e-01
8.168649673461914062e-02
7.077288627624511719e-02
7.886004447937011719e-02
8.554697036743164062e-02
6.687784194946289062e-02
6.279611587524414062e-02
7.303404808044433594e-02
3.185641765594482422e-01
1.123614311218261719e-01
6.858563423156738281e-02
6.586861610412597656e-02
6.450176239013671875e-02
1.153817176818847656e-01
7.745695114135742188e-02
1.091022491455078125e-01
7.659387588500976562e-02
7.991933822631835938e-02
7.771992683410644531e-02
8.458924293518066406e-02
9.793877601623535156e-02
1.169843673706054688e-01
1.138589382171630859e-01
2.934622764587402344e-01
9.122943878173828125e-02
9.295606613159179688e-02
7.617425918579101562e-02
1.172091960906982422e-01
1.015179157257080078e-01
1.119849681854248047e-01
8.000135421752929688e-02
7.115435600280761719e-02
6.211256980895996094e-02
6.799340248107910156e-02
7.532620429992675781e-02
7.314062118530273438e-02
8.160257339477539062e-02
8.266949653625488281e-02
1.137630939483642578e-01
1.080121994018554688e-01
6.637644767761230469e-02
8.737683296203613281e-02
7.600569725036621094e-02
7.683682441711425781e-02
7.104516029357910156e-02
7.169079780578613281e-02
8.898758888244628906e-02
1.154046058654785156e-01
7.543945312500000000e-02
5.132579803466796875e-02
6.720209121704101562e-02
1.033134460449218750e-01
7.251763343811035156e-02
6.849360466003417969e-02
7.827758789062500000e-02
3.024859428405761719e-01
9.948110580444335938e-02
8.938980102539062500e-02
7.715129852294921875e-02
9.892821311950683594e-02
6.203222274780273438e-02
2.935504913330078125e-01
7.757496833801269531e-02
8.241510391235351562e-02
7.827019691467285156e-02
6.824851036071777344e-02
3.379225730895996094e-01
2.846713066101074219e-01
7.953953742980957031e-02
8.884334564208984375e-02
8.748459815979003906e-02
9.433484077453613281e-02
8.362293243408203125e-02
9.181189537048339844e-02
3.261456489562988281e-01
7.536935806274414062e-02
3.238418102264404297e-01
7.242012023925781250e-02
8.937549591064453125e-02
5.585908889770507812e-02
7.104516029357910156e-02
6.693959236145019531e-02
7.354140281677246094e-02
8.243227005004882812e-02
6.957340240478515625e-02
6.924533843994140625e-02
9.047651290893554688e-02
7.206749916076660156e-02
9.334492683410644531e-02
8.038449287414550781e-02
7.107210159301757812e-02
9.523630142211914062e-02
9.392976760864257812e-02
7.103037834167480469e-02
9.574437141418457031e-02
7.441234588623046875e-02
7.271981239318847656e-02
8.176326751708984375e-02
9.019422531127929688e-02
