1.902925968170166016e-01
2.159521579742431641e-01
1.552798748016357422e-01
1.570818424224853516e-01
1.775817871093750000e-01
2.371802330017089844e-01
1.805393695831298828e-01
1.714406013488769531e-01
1.882388591766357422e-01
1.718401908874511719e-01
1.964221000671386719e-01
2.019712924957275391e-01
2.164163589477539062e-01
2.366535663604736328e-01
1.969757080078125000e-01
2.043116092681884766e-01
2.315189838409423828e-01
1.867084503173828125e-01
1.462893486022949219e-01
2.178199291229248047e-01
1.570439338684082031e-01
1.986212730407714844e-01
2.197928428649902344e-01
1.821422576904296875e-01
1.824479103088378906e-01
2.326796054840087891e-01
1.600477695465087891e-01
1.597967147827148438e-01
1.931898593902587891e-01
1.627969741821289062e-01
2.103428840637207031e-01
2.220757007598876953e-01
2.561593055725097656e-01
1.754736900329589844e-01
2.594749927520751953e-01
1.687824726104736328e-01
1.740381717681884766e-01
1.998705863952636719e-01
1.962170600891113281e-01
1.664965152740478516e-01
2.090005874633789062e-01
1.634976863861083984e-01
1.686542034149169922e-01
2.778408527374267578e-01
2.084825038909912109e-01
3.007676601409912109e-01
2.224390506744384766e-01
2.780282497406005859e-01
2.293491363525390625e-01
2.128641605377197266e-01
1.811563968658447266e-01
1.815032958984375000e-01
2.233538627624511719e-01
2.528412342071533203e-01
2.090151309967041016e-01
2.110235691070556641e-01
1.689867973327636719e-01
2.886326313018798828e-01
1.530425548553466797e-01
1.462147235870361328e-01
2.578141689300537109e-01
2.112295627593994141e-01
2.303395271301269531e-01
2.509458065032958984e-01
1.479847431182861328e-01
2.292006015777587891e-01
2.264804840087890625e-01
1.553394794464111328e-01
1.864669322967529297e-01
2.416565418243408203e-01
1.584749221801757812e-01
2.325253486633300781e-01
1.702744960784912109e-01
1.500227451324462891e-01
1.668031215667724609e-01
1.621358394622802734e-01
1.556806564331054688e-01
1.708810329437255859e-01
2.423627376556396484e-01
2.155709266662597656e-01
1.785712242126464844e-01
2.876989841461181641e-01
1.566963195800781250e-01
2.129638195037841797e-01
2.484059333801269531e-01
1.557805538177490234e-01
2.075963020324707031e-01
2.696111202239990234e-01
1.387181282043457031e-01
2.927606105804443359e-01
2.010974884033203125e-01
1.746599674224853516e-01
2.708129882812500000e-01
2.561490535736083984e-01
2.890496253967285156e-01
1.857740879058837891e-01
1.549203395843505859e-01
2.818925380706787109e-01
1.923470497131347656e-01
2.799549102783203125e-01
2.352998256683349609e-01
3.083600997924804688e-01
1.982948780059814453e-01
1.799242496490478516e-01
1.992540359497070312e-01
1.661431789398193359e-01
1.681020259857177734e-01
1.519050598144531250e-01
2.095773220062255859e-01
1.901447772979736328e-01
1.652984619140625000e-01
2.264537811279296875e-01
1.759350299835205078e-01
1.814913749694824219e-01
1.795568466186523438e-01
2.013175487518310547e-01
2.780823707580566406e-01
2.508399486541748047e-01
1.758296489715576172e-01
1.945135593414306641e-01
2.335882186889648438e-01
1.988651752471923828e-01
2.010297775268554688e-01
1.848044395446777344e-01
1.526622772216796875e-01
2.235743999481201172e-01
1.543869972229003906e-01
1.399796009063720703e-01
2.032387256622314453e-01
1.504249572753906250e-01
1.437091827392578125e-01
2.503907680511474609e-01
2.127630710601806641e-01
1.597750186920166016e-01
1.383543014526367188e-01
2.765500545501708984e-01
1.593344211578369141e-01
2.380466461181640625e-01
1.467206478118896484e-01
1.936619281768798828e-01
2.157402038574218750e-01
1.751978397369384766e-01
2.150430679321289062e-01
2.729027271270751953e-01
2.408494949340820312e-01
2.411370277404785156e-01
1.829741001129150391e-01
1.861798763275146484e-01
1.914432048797607422e-01
2.395248413085937500e-01
2.228569984436035156e-01
1.998450756072998047e-01
1.646533012390136719e-01
1.973419189453125000e-01
1.350038051605224609e-01
1.358659267425537109e-01
1.741840839385986328e-01
2.157480716705322266e-01
1.856827735900878906e-01
1.698954105377197266e-01
2.664651870727539062e-01
2.499651908874511719e-01
2.032639980316162109e-01
1.656856536865234375e-01
1.583282947540283203e-01
2.189986705780029297e-01
1.840789318084716797e-01
1.655912399291992188e-01
1.735582351684570312e-01
2.580842971801757812e-01
1.583979129791259766e-01
1.188931465148925781e-01
1.808376312255859375e-01
2.061204910278320312e-01
1.381471157073974609e-01
1.899223327636718750e-01
1.752638816833496094e-01
2.203893661499023438e-01
2.729299068450927734e-01
1.732788085937500000e-01
1.696588993072509766e-01
2.537703514099121094e-01
1.357524394989013672e-01
2.115011215209960938e-01
1.587350368499755859e-01
1.722486019134521484e-01
2.359027862548828125e-01
1.661744117736816406e-01
1.711735725402832031e-01
1.896264553070068359e-01
2.614955902099609375e-01
2.089943885803222656e-01
2.277078628540039062e-01
2.101674079895019531e-01
1.765840053558349609e-01
2.035939693450927734e-01
1.560015678405761719e-01
1.772313117980957031e-01
1.932361125946044922e-01
1.357133388519287109e-01
2.001605033874511719e-01
1.379220485687255859e-01
1.754560470581054688e-01
1.542251110076904297e-01
1.803402900695800781e-01
2.028410434722900391e-01
1.762037277221679688e-01
1.564023494720458984e-01
2.004919052124023438e-01
1.809685230255126953e-01
1.929833889007568359e-01
2.338011264801025391e-01
1.695265769958496094e-01
1.796126365661621094e-01
2.267537117004394531e-01
1.316189765930175781e-01
2.224900722503662109e-01
1.639158725738525391e-01
1.670081615447998047e-01
1.999940872192382812e-01
1.894514560699462891e-01
