2.296662330627441406e-02
1.830935478210449219e-02
2.096724510192871094e-02
2.241683006286621094e-02
2.190089225769042969e-02
2.143073081970214844e-02
1.922535896301269531e-02
2.240729331970214844e-02
2.011203765869140625e-02
1.998424530029296875e-02
2.143025398254394531e-02
2.117466926574707031e-02
2.235031127929687500e-02
1.973485946655273438e-02
1.968240737915039062e-02
1.998138427734375000e-02
1.883292198181152344e-02
2.186059951782226562e-02
1.935529708862304688e-02
1.827383041381835938e-02
1.931023597717285156e-02
1.884841918945312500e-02
1.922655105590820312e-02
1.952981948852539062e-02
2.095150947570800781e-02
2.377915382385253906e-02
1.814913749694824219e-02
2.174353599548339844e-02
1.802062988281250000e-02
2.306103706359863281e-02
1.988816261291503906e-02
1.850962638854980469e-02
2.394843101501464844e-02
1.881742477416992188e-02
1.961135864257812500e-02
1.766014099121093750e-02
1.798939704895019531e-02
1.888275146484375000e-02
1.860785484313964844e-02
2.405619621276855469e-02
1.881241798400878906e-02
2.036952972412109375e-02
1.711511611938476562e-02
2.474117279052734375e-02
1.875257492065429688e-02
2.555322647094726562e-02
2.122211456298828125e-02
2.196383476257324219e-02
2.036929130554199219e-02
1.787424087524414062e-02
1.935148239135742188e-02
1.803350448608398438e-02
2.027130126953125000e-02
2.232694625854492188e-02
1.874899864196777344e-02
2.032279968261718750e-02
1.828384399414062500e-02
2.088475227355957031e-02
1.825499534606933594e-02
1.995921134948730469e-02
2.318191528320312500e-02
1.900744438171386719e-02
2.055597305297851562e-02
1.979398727416992188e-02
1.861572265625000000e-02
1.798772811889648438e-02
1.976490020751953125e-02
1.965188980102539062e-02
1.775050163269042969e-02
1.952219009399414062e-02
2.027726173400878906e-02
1.998877525329589844e-02
1.983356475830078125e-02
2.263379096984863281e-02
2.747774124145507812e-02
1.744222640991210938e-02
2.209067344665527344e-02
1.861286163330078125e-02
1.897764205932617188e-02
2.323412895202636719e-02
1.787900924682617188e-02
2.075171470642089844e-02
1.826858520507812500e-02
1.857376098632812500e-02
1.853394508361816406e-02
2.655959129333496094e-02
1.902008056640625000e-02
1.993775367736816406e-02
1.898169517517089844e-02
2.156710624694824219e-02
1.973342895507812500e-02
1.968932151794433594e-02
1.907896995544433594e-02
2.000522613525390625e-02
2.245998382568359375e-02
2.323365211486816406e-02
1.975417137145996094e-02
2.011322975158691406e-02
2.406716346740722656e-02
2.020335197448730469e-02
2.069044113159179688e-02
2.139592170715332031e-02
2.218055725097656250e-02
1.996612548828125000e-02
2.013540267944335938e-02
2.815151214599609375e-02
2.628731727600097656e-02
1.951336860656738281e-02
1.980376243591308594e-02
1.998734474182128906e-02
2.385520935058593750e-02
2.088713645935058594e-02
2.342748641967773438e-02
2.389407157897949219e-02
1.906228065490722656e-02
2.049708366394042969e-02
2.122902870178222656e-02
2.160072326660156250e-02
2.301692962646484375e-02
1.995086669921875000e-02
2.150416374206542969e-02
2.364754676818847656e-02
1.975011825561523438e-02
1.979637145996093750e-02
1.846408843994140625e-02
1.923513412475585938e-02
1.800465583801269531e-02
1.893329620361328125e-02
1.798844337463378906e-02
1.820898056030273438e-02
2.011346817016601562e-02
1.949286460876464844e-02
1.806282997131347656e-02
1.842355728149414062e-02
1.715159416198730469e-02
2.383804321289062500e-02
2.009081840515136719e-02
1.899552345275878906e-02
1.843619346618652344e-02
1.818633079528808594e-02
2.057957649230957031e-02
1.936197280883789062e-02
1.996302604675292969e-02
2.314424514770507812e-02
1.960492134094238281e-02
2.060627937316894531e-02
1.940989494323730469e-02
1.879119873046875000e-02
1.893424987792968750e-02
1.985454559326171875e-02
2.005982398986816406e-02
2.217054367065429688e-02
1.860070228576660156e-02
1.722383499145507812e-02
1.705551147460937500e-02
2.307844161987304688e-02
1.951360702514648438e-02
1.920771598815917969e-02
1.918148994445800781e-02
1.798605918884277344e-02
1.950907707214355469e-02
1.996874809265136719e-02
1.833510398864746094e-02
1.857924461364746094e-02
1.812028884887695312e-02
1.999354362487792969e-02
1.905131340026855469e-02
1.732754707336425781e-02
1.872634887695312500e-02
1.895523071289062500e-02
1.863121986389160156e-02
1.796126365661621094e-02
1.803731918334960938e-02
2.231526374816894531e-02
1.990771293640136719e-02
2.115917205810546875e-02
2.090167999267578125e-02
1.849770545959472656e-02
1.937174797058105469e-02
1.738047599792480469e-02
1.954770088195800781e-02
2.178621292114257812e-02
1.734566688537597656e-02
1.920700073242187500e-02
1.801776885986328125e-02
1.939439773559570312e-02
1.968622207641601562e-02
2.160143852233886719e-02
2.071714401245117188e-02
1.894497871398925781e-02
1.912450790405273438e-02
1.965856552124023438e-02
1.857614517211914062e-02
2.033257484436035156e-02
2.166056632995605469e-02
2.248096466064453125e-02
2.332758903503417969e-02
1.798152923583984375e-02
1.832914352416992188e-02
1.753258705139160156e-02
1.928782463073730469e-02
2.277898788452148438e-02
1.852846145629882812e-02
1.876115798950195312e-02
1.783895492553710938e-02
1.847457885742187500e-02
1.896214485168457031e-02
1.646900177001953125e-02
2.029681205749511719e-02
1.770782470703125000e-02
1.958036422729492188e-02
1.935815811157226562e-02
1.891684532165527344e-02
2.553868293762207031e-02
1.953792572021484375e-02
2.478051185607910156e-02
2.127242088317871094e-02
1.883959770202636719e-02
1.781892776489257812e-02
1.815938949584960938e-02
1.990699768066406250e-02
