2.257156372070312500e-02
1.836967468261718750e-02
1.226973533630371094e-02
1.765155792236328125e-02
1.407456398010253906e-02
1.226401329040527344e-02
1.153302192687988281e-02
1.106095314025878906e-02
1.580619812011718750e-02
1.162695884704589844e-02
1.148772239685058594e-02
1.070404052734375000e-02
1.711606979370117188e-02
1.181840896606445312e-02
1.169729232788085938e-02
1.153850555419921875e-02
1.481604576110839844e-02
1.254129409790039062e-02
1.171779632568359375e-02
1.123666763305664062e-02
1.274037361145019531e-02
1.203274726867675781e-02
1.261758804321289062e-02
1.245832443237304688e-02
1.121234893798828125e-02
1.142263412475585938e-02
1.178407669067382812e-02
1.083207130432128906e-02
1.105785369873046875e-02
1.133775711059570312e-02
1.292967796325683594e-02
1.101183891296386719e-02
1.948642730712890625e-02
1.715469360351562500e-02
1.208591461181640625e-02
1.181936264038085938e-02
1.174473762512207031e-02
1.228237152099609375e-02
1.314187049865722656e-02
1.192569732666015625e-02
1.331758499145507812e-02
1.229572296142578125e-02
1.215791702270507812e-02
1.338267326354980469e-02
1.335120201110839844e-02
1.707363128662109375e-02
1.299953460693359375e-02
1.283764839172363281e-02
1.317477226257324219e-02
1.084160804748535156e-02
1.168751716613769531e-02
1.053667068481445312e-02
1.208806037902832031e-02
1.174139976501464844e-02
1.187944412231445312e-02
1.092767715454101562e-02
1.146531105041503906e-02
1.201868057250976562e-02
1.071214675903320312e-02
1.045799255371093750e-02
1.232123374938964844e-02
1.660776138305664062e-02
1.406764984130859375e-02
1.312875747680664062e-02
1.383376121520996094e-02
1.126718521118164062e-02
1.358771324157714844e-02
1.089286804199218750e-02
1.206636428833007812e-02
1.238989830017089844e-02
1.238656044006347656e-02
1.161074638366699219e-02
1.336240768432617188e-02
1.109981536865234375e-02
1.179671287536621094e-02
1.000976562500000000e-02
1.036310195922851562e-02
1.152324676513671875e-02
1.224303245544433594e-02
1.223492622375488281e-02
1.289701461791992188e-02
1.375675201416015625e-02
1.114416122436523438e-02
1.128554344177246094e-02
1.306605339050292969e-02
1.134467124938964844e-02
1.291584968566894531e-02
1.343321800231933594e-02
1.366972923278808594e-02
1.406669616699218750e-02
1.246762275695800781e-02
1.235389709472656250e-02
1.706719398498535156e-02
1.493763923645019531e-02
1.360988616943359375e-02
1.272964477539062500e-02
1.267194747924804688e-02
1.288604736328125000e-02
1.256155967712402344e-02
1.597762107849121094e-02
1.702427864074707031e-02
1.263618469238281250e-02
1.548099517822265625e-02
1.389646530151367188e-02
1.381087303161621094e-02
1.558876037597656250e-02
1.173996925354003906e-02
1.138401031494140625e-02
1.191592216491699219e-02
1.564502716064453125e-02
1.965999603271484375e-02
1.379132270812988281e-02
1.452422142028808594e-02
1.134991645812988281e-02
1.610112190246582031e-02
1.281762123107910156e-02
1.498889923095703125e-02
1.783919334411621094e-02
1.184129714965820312e-02
1.130867004394531250e-02
1.383948326110839844e-02
1.231217384338378906e-02
1.854062080383300781e-02
1.221776008605957031e-02
1.562833786010742188e-02
1.351523399353027344e-02
1.686143875122070312e-02
1.116394996643066406e-02
1.272368431091308594e-02
1.205849647521972656e-02
1.232767105102539062e-02
1.496648788452148438e-02
1.318717002868652344e-02
1.112604141235351562e-02
1.258873939514160156e-02
1.206111907958984375e-02
1.292800903320312500e-02
1.272487640380859375e-02
6.022238731384277344e-02
1.180338859558105469e-02
1.027274131774902344e-02
1.684999465942382812e-02
1.268696784973144531e-02
1.509284973144531250e-02
1.382684707641601562e-02
1.252579689025878906e-02
1.185870170593261719e-02
1.175403594970703125e-02
1.238298416137695312e-02
1.484060287475585938e-02
1.170444488525390625e-02
1.367640495300292969e-02
1.131963729858398438e-02
1.181054115295410156e-02
1.045799255371093750e-02
1.084375381469726562e-02
1.247358322143554688e-02
1.312494277954101562e-02
1.163840293884277344e-02
1.214194297790527344e-02
1.284432411193847656e-02
1.614356040954589844e-02
1.101160049438476562e-02
1.465272903442382812e-02
1.465702056884765625e-02
1.351213455200195312e-02
1.182913780212402344e-02
1.207447052001953125e-02
1.146459579467773438e-02
1.281762123107910156e-02
1.133298873901367188e-02
1.017260551452636719e-02
1.219701766967773438e-02
1.268386840820312500e-02
1.120018959045410156e-02
1.166653633117675781e-02
1.137471199035644531e-02
1.299738883972167969e-02
1.293945312500000000e-02
1.195359230041503906e-02
1.195454597473144531e-02
1.483106613159179688e-02
1.001405715942382812e-02
1.498007774353027344e-02
1.571917533874511719e-02
1.410722732543945312e-02
1.159572601318359375e-02
1.167845726013183594e-02
1.188945770263671875e-02
1.323127746582031250e-02
1.166796684265136719e-02
1.230669021606445312e-02
1.260328292846679688e-02
1.345729827880859375e-02
1.131558418273925781e-02
1.259016990661621094e-02
1.199293136596679688e-02
1.521348953247070312e-02
1.263165473937988281e-02
1.405525207519531250e-02
1.991415023803710938e-02
1.154613494873046875e-02
1.005816459655761719e-02
1.142597198486328125e-02
1.254105567932128906e-02
1.493644714355468750e-02
1.194715499877929688e-02
1.718020439147949219e-02
1.209068298339843750e-02
1.382803916931152344e-02
1.541018486022949219e-02
1.247835159301757812e-02
1.133465766906738281e-02
1.470160484313964844e-02
1.197290420532226562e-02
1.157379150390625000e-02
1.237273216247558594e-02
1.123285293579101562e-02
1.148033142089843750e-02
1.240324974060058594e-02
1.129055023193359375e-02
