1.563763618469238281e-02
1.061272621154785156e-02
1.076507568359375000e-02
1.310706138610839844e-02
1.588678359985351562e-02
1.398587226867675781e-02
1.279067993164062500e-02
1.143312454223632812e-02
1.333451271057128906e-02
1.075506210327148438e-02
1.258397102355957031e-02
1.164054870605468750e-02
1.419258117675781250e-02
1.233291625976562500e-02
1.430010795593261719e-02
1.438951492309570312e-02
1.275515556335449219e-02
1.320219039916992188e-02
1.652932167053222656e-02
1.140546798706054688e-02
1.247692108154296875e-02
1.137685775756835938e-02
1.202893257141113281e-02
1.106333732604980469e-02
1.244020462036132812e-02
1.171064376831054688e-02
1.151609420776367188e-02
1.124739646911621094e-02
1.139163970947265625e-02
1.112961769104003906e-02
1.212716102600097656e-02
1.159358024597167969e-02
1.567411422729492188e-02
1.123428344726562500e-02
1.178741455078125000e-02
1.183247566223144531e-02
1.117181777954101562e-02
9.942770004272460938e-03
1.180768013000488281e-02
1.055598258972167969e-02
1.059293746948242188e-02
1.262784004211425781e-02
1.197290420532226562e-02
1.170730590820312500e-02
1.331567764282226562e-02
1.380777359008789062e-02
1.412463188171386719e-02
1.321744918823242188e-02
1.321268081665039062e-02
1.192998886108398438e-02
1.196479797363281250e-02
1.287055015563964844e-02
1.822185516357421875e-02
1.399517059326171875e-02
1.223683357238769531e-02
1.050639152526855469e-02
1.234912872314453125e-02
1.331281661987304688e-02
1.203560829162597656e-02
1.071977615356445312e-02
1.326894760131835938e-02
1.202750205993652344e-02
1.284408569335937500e-02
1.189613342285156250e-02
1.035952568054199219e-02
1.175594329833984375e-02
1.223373413085937500e-02
1.306939125061035156e-02
1.430511474609375000e-02
1.124143600463867188e-02
1.151466369628906250e-02
1.127266883850097656e-02
1.148247718811035156e-02
1.081371307373046875e-02
1.069879531860351562e-02
9.353399276733398438e-03
9.908199310302734375e-03
1.099658012390136719e-02
1.136374473571777344e-02
1.079583168029785156e-02
1.214313507080078125e-02
1.236939430236816406e-02
1.023149490356445312e-02
1.160693168640136719e-02
1.200413703918457031e-02
1.636362075805664062e-02
1.237654685974121094e-02
1.302051544189453125e-02
9.657859802246093750e-03
1.262831687927246094e-02
1.210784912109375000e-02
1.103568077087402344e-02
1.136445999145507812e-02
1.258587837219238281e-02
1.288318634033203125e-02
1.052045822143554688e-02
1.135373115539550781e-02
1.263594627380371094e-02
1.574087142944335938e-02
1.193547248840332031e-02
1.279067993164062500e-02
1.671171188354492188e-02
1.160311698913574219e-02
1.169657707214355469e-02
1.136803627014160156e-02
1.024055480957031250e-02
1.143932342529296875e-02
1.067256927490234375e-02
1.143145561218261719e-02
1.247525215148925781e-02
1.235914230346679688e-02
1.147007942199707031e-02
1.208686828613281250e-02
1.176023483276367188e-02
1.145577430725097656e-02
1.184391975402832031e-02
1.441574096679687500e-02
1.313161849975585938e-02
1.245665550231933594e-02
1.115989685058593750e-02
1.478123664855957031e-02
1.265835762023925781e-02
1.187968254089355469e-02
1.190590858459472656e-02
1.564955711364746094e-02
1.139068603515625000e-02
1.245117187500000000e-02
1.239013671875000000e-02
1.317954063415527344e-02
1.060891151428222656e-02
1.117849349975585938e-02
1.307487487792968750e-02
1.205515861511230469e-02
1.314663887023925781e-02
1.572084426879882812e-02
1.318073272705078125e-02
1.154780387878417969e-02
1.189064979553222656e-02
1.168560981750488281e-02
1.292753219604492188e-02
1.273584365844726562e-02
1.093244552612304688e-02
1.311302185058593750e-02
1.574254035949707031e-02
1.367473602294921875e-02
1.194572448730468750e-02
1.258492469787597656e-02
1.184773445129394531e-02
1.113867759704589844e-02
1.486539840698242188e-02
1.274871826171875000e-02
1.161193847656250000e-02
1.389455795288085938e-02
1.140952110290527344e-02
1.119279861450195312e-02
1.007747650146484375e-02
1.377654075622558594e-02
1.258349418640136719e-02
1.270365715026855469e-02
1.151609420776367188e-02
1.261663436889648438e-02
1.199007034301757812e-02
2.711558341979980469e-02
2.371191978454589844e-02
2.047657966613769531e-02
1.282191276550292969e-02
1.284813880920410156e-02
9.763956069946289062e-03
1.170301437377929688e-02
1.192402839660644531e-02
1.018738746643066406e-02
9.855508804321289062e-03
1.159286499023437500e-02
1.361489295959472656e-02
1.135277748107910156e-02
1.090407371520996094e-02
1.689195632934570312e-02
1.235985755920410156e-02
1.270651817321777344e-02
1.426053047180175781e-02
1.403307914733886719e-02
1.246690750122070312e-02
1.546168327331542969e-02
1.608085632324218750e-02
1.283597946166992188e-02
1.133680343627929688e-02
1.223468780517578125e-02
1.122856140136718750e-02
1.264452934265136719e-02
1.155400276184082031e-02
1.154899597167968750e-02
1.150727272033691406e-02
1.174473762512207031e-02
1.305246353149414062e-02
1.226115226745605469e-02
1.204872131347656250e-02
1.199269294738769531e-02
1.173520088195800781e-02
1.153230667114257812e-02
1.069188117980957031e-02
1.299238204956054688e-02
9.798288345336914062e-03
1.058578491210937500e-02
1.038074493408203125e-02
1.215887069702148438e-02
1.303720474243164062e-02
1.129913330078125000e-02
1.065158843994140625e-02
1.239204406738281250e-02
1.137208938598632812e-02
1.261901855468750000e-02
1.141214370727539062e-02
1.191306114196777344e-02
1.335597038269042969e-02
1.468682289123535156e-02
9.812116622924804688e-03
1.291966438293457031e-02
1.159763336181640625e-02
1.128315925598144531e-02
1.206612586975097656e-02
1.308250427246093750e-02
