2.197806835174560547e-01
1.570811271667480469e-01
1.528358459472656250e-01
1.500437259674072266e-01
2.116322517395019531e-01
1.591193675994873047e-01
1.637325286865234375e-01
1.916618347167968750e-01
1.442251205444335938e-01
1.457190513610839844e-01
2.025201320648193359e-01
1.544485092163085938e-01
2.048869132995605469e-01
2.039737701416015625e-01
1.800084114074707031e-01
2.165529727935791016e-01
1.789252758026123047e-01
1.627542972564697266e-01
1.686716079711914062e-01
1.436965465545654297e-01
1.494288444519042969e-01
1.611094474792480469e-01
2.062623500823974609e-01
1.620969772338867188e-01
1.628227233886718750e-01
1.975917816162109375e-01
1.346979141235351562e-01
1.451740264892578125e-01
1.890554428100585938e-01
1.646404266357421875e-01
1.864926815032958984e-01
2.011418342590332031e-01
2.355515956878662109e-01
2.244274616241455078e-01
1.824374198913574219e-01
1.491198539733886719e-01
1.497995853424072266e-01
1.747441291809082031e-01
1.769204139709472656e-01
1.948466300964355469e-01
1.470320224761962891e-01
1.617829799652099609e-01
1.528034210205078125e-01
2.482411861419677734e-01
1.721804141998291016e-01
2.805302143096923828e-01
2.206838130950927734e-01
2.763299942016601562e-01
2.318868637084960938e-01
1.672050952911376953e-01
1.900703907012939453e-01
1.737475395202636719e-01
1.583778858184814453e-01
2.442829608917236328e-01
1.838054656982421875e-01
2.002155780792236328e-01
1.566998958587646484e-01
2.256698608398437500e-01
2.085394859313964844e-01
1.340310573577880859e-01
2.018988132476806641e-01
2.135689258575439453e-01
2.141134738922119141e-01
2.307119369506835938e-01
1.607265472412109375e-01
1.391408443450927734e-01
2.338950634002685547e-01
1.339054107666015625e-01
1.515791416168212891e-01
2.245612144470214844e-01
1.441299915313720703e-01
1.833450794219970703e-01
2.052063941955566406e-01
1.511433124542236328e-01
1.396045684814453125e-01
1.113674640655517578e-01
1.778521537780761719e-01
1.607451438903808594e-01
1.836354732513427734e-01
2.196340560913085938e-01
1.509392261505126953e-01
2.013580799102783203e-01
1.676781177520751953e-01
1.830449104309082031e-01
1.903741359710693359e-01
1.676096916198730469e-01
2.027039527893066406e-01
2.029647827148437500e-01
1.530001163482666016e-01
2.157456874847412109e-01
2.115797996520996094e-01
1.655066013336181641e-01
1.743581295013427734e-01
2.574138641357421875e-01
2.113876342773437500e-01
2.061536312103271484e-01
1.460747718811035156e-01
2.129085063934326172e-01
2.047851085662841797e-01
1.997838020324707031e-01
2.608838081359863281e-01
2.209234237670898438e-01
1.487140655517578125e-01
1.956589221954345703e-01
1.380002498626708984e-01
1.423475742340087891e-01
1.996250152587890625e-01
1.431574821472167969e-01
1.419849395751953125e-01
1.711449623107910156e-01
1.849865913391113281e-01
1.665625572204589844e-01
1.605713367462158203e-01
2.090151309967041016e-01
1.396255493164062500e-01
2.037734985351562500e-01
2.480707168579101562e-01
2.170915603637695312e-01
1.891384124755859375e-01
1.379039287567138672e-01
2.152490615844726562e-01
2.127959728240966797e-01
1.352534294128417969e-01
1.535801887512207031e-01
1.903901100158691406e-01
1.579947471618652344e-01
1.411418914794921875e-01
1.439929008483886719e-01
1.698048114776611328e-01
1.312544345855712891e-01
1.292412281036376953e-01
2.462885379791259766e-01
1.404938697814941406e-01
1.551189422607421875e-01
1.873819828033447266e-01
2.306594848632812500e-01
1.302638053894042969e-01
2.464084625244140625e-01
1.428973674774169922e-01
1.753103733062744141e-01
1.995773315429687500e-01
1.682734489440917969e-01
1.993746757507324219e-01
2.522101402282714844e-01
2.236492633819580078e-01
2.232615947723388672e-01
1.747186183929443359e-01
1.810724735260009766e-01
1.997804641723632812e-01
2.369275093078613281e-01
1.602284908294677734e-01
2.303030490875244141e-01
1.430740356445312500e-01
1.856980323791503906e-01
1.287398338317871094e-01
1.310575008392333984e-01
1.554260253906250000e-01
1.916022300720214844e-01
1.614344120025634766e-01
1.440966129302978516e-01
2.584273815155029297e-01
2.195627689361572266e-01
1.446664333343505859e-01
1.981000900268554688e-01
1.465818881988525391e-01
1.540942192077636719e-01
1.903414726257324219e-01
1.440043449401855469e-01
1.606416702270507812e-01
2.398333549499511719e-01
1.430237293243408203e-01
1.119976043701171875e-01
1.877574920654296875e-01
1.777346134185791016e-01
1.431286334991455078e-01
1.302742958068847656e-01
1.862156391143798828e-01
1.898174285888671875e-01
2.540972232818603516e-01
1.666707992553710938e-01
1.545107364654541016e-01
2.456071376800537109e-01
1.200048923492431641e-01
1.725475788116455078e-01
2.050178050994873047e-01
1.664752960205078125e-01
1.803638935089111328e-01
1.988911628723144531e-01
1.687498092651367188e-01
1.676194667816162109e-01
1.933917999267578125e-01
1.606748104095458984e-01
1.633124351501464844e-01
2.459754943847656250e-01
1.504013538360595703e-01
1.765725612640380859e-01
1.891067028045654297e-01
1.633608341217041016e-01
1.563553810119628906e-01
1.308248043060302734e-01
1.915013790130615234e-01
1.208791732788085938e-01
1.259467601776123047e-01
1.900300979614257812e-01
1.490120887756347656e-01
1.651766300201416016e-01
1.420021057128906250e-01
1.827106475830078125e-01
1.799755096435546875e-01
1.420702934265136719e-01
2.241239547729492188e-01
1.729118824005126953e-01
1.526691913604736328e-01
2.056341171264648438e-01
1.717278957366943359e-01
1.516611576080322266e-01
2.347114086151123047e-01
1.515235900878906250e-01
1.415297985076904297e-01
2.210814952850341797e-01
1.637153625488281250e-01
