4.585835933685302734e-01
4.621305465698242188e-01
4.559514522552490234e-01
4.339590072631835938e-01
4.625706672668457031e-01
4.623198509216308594e-01
4.600489139556884766e-01
4.518904685974121094e-01
4.714121818542480469e-01
4.455931186676025391e-01
4.500918388366699219e-01
4.501807689666748047e-01
4.883599281311035156e-01
4.641623497009277344e-01
4.574267864227294922e-01
4.556238651275634766e-01
4.879906177520751953e-01
4.681432247161865234e-01
4.576499462127685547e-01
4.461851119995117188e-01
4.450442790985107422e-01
4.538583755493164062e-01
4.739491939544677734e-01
4.599590301513671875e-01
4.551525115966796875e-01
4.665150642395019531e-01
4.521839618682861328e-01
4.620018005371093750e-01
4.575514793395996094e-01
4.408876895904541016e-01
4.581279754638671875e-01
4.395892620086669922e-01
4.629938602447509766e-01
4.553914070129394531e-01
4.717044830322265625e-01
4.671957492828369141e-01
4.504766464233398438e-01
4.432580471038818359e-01
4.548509120941162109e-01
4.569046497344970703e-01
4.474573135375976562e-01
4.658823013305664062e-01
4.525308609008789062e-01
4.562542438507080078e-01
4.679300785064697266e-01
4.588890075683593750e-01
4.834821224212646484e-01
4.711375236511230469e-01
4.842357635498046875e-01
4.603149890899658203e-01
4.531657695770263672e-01
4.448244571685791016e-01
4.432988166809082031e-01
4.681248664855957031e-01
4.588022232055664062e-01
4.527146816253662109e-01
4.590942859649658203e-01
4.773583412170410156e-01
4.624021053314208984e-01
4.518821239471435547e-01
4.739542007446289062e-01
4.519350528717041016e-01
4.688789844512939453e-01
4.489612579345703125e-01
4.600651264190673828e-01
3.567845821380615234e-01
4.007818698883056641e-01
4.366884231567382812e-01
4.559981822967529297e-01
4.504885673522949219e-01
4.513082504272460938e-01
4.627244472503662109e-01
4.667506217956542969e-01
4.473295211791992188e-01
4.614663124084472656e-01
4.493823051452636719e-01
4.542160034179687500e-01
4.687268733978271484e-01
4.532301425933837891e-01
4.750061035156250000e-01
4.615743160247802734e-01
4.770240783691406250e-01
4.467232227325439453e-01
4.539105892181396484e-01
4.736702442169189453e-01
4.632024765014648438e-01
4.566695690155029297e-01
4.657096862792968750e-01
4.569633007049560547e-01
4.655632972717285156e-01
4.609270095825195312e-01
4.509756565093994141e-01
4.727137088775634766e-01
4.770727157592773438e-01
4.655749797821044922e-01
4.651660919189453125e-01
4.484653472900390625e-01
4.733507633209228516e-01
4.544453620910644531e-01
4.793341159820556641e-01
4.675810337066650391e-01
4.715251922607421875e-01
4.518127441406250000e-01
4.536027908325195312e-01
4.516282081604003906e-01
4.582755565643310547e-01
4.504051208496093750e-01
4.478862285614013672e-01
4.472150802612304688e-01
4.567453861236572266e-01
4.634978771209716797e-01
4.698195457458496094e-01
4.553949832916259766e-01
4.569189548492431641e-01
4.520692825317382812e-01
4.842166900634765625e-01
4.865241050720214844e-01
4.593362808227539062e-01
4.621901512145996094e-01
4.575824737548828125e-01
4.782474040985107422e-01
4.613242149353027344e-01
4.532432556152343750e-01
4.655144214630126953e-01
4.627747535705566406e-01
4.510214328765869141e-01
4.647171497344970703e-01
4.472119808197021484e-01
4.449300765991210938e-01
4.460465908050537109e-01
4.501571655273437500e-01
4.667737483978271484e-01
4.647355079650878906e-01
4.601621627807617188e-01
4.457581043243408203e-01
4.568512439727783203e-01
4.543988704681396484e-01
4.603905677795410156e-01
4.596686363220214844e-01
4.733099937438964844e-01
4.630527496337890625e-01
4.611859321594238281e-01
4.791309833526611328e-01
4.811835289001464844e-01
4.660787582397460938e-01
4.648833274841308594e-01
4.658792018890380859e-01
4.746060371398925781e-01
4.638307094573974609e-01
5.023839473724365234e-01
4.511590003967285156e-01
4.607906341552734375e-01
4.503648281097412109e-01
4.533867835998535156e-01
4.594480991363525391e-01
4.501347541809082031e-01
4.749054908752441406e-01
4.649927616119384766e-01
4.541788101196289062e-01
4.533743858337402344e-01
4.849770069122314453e-01
4.632401466369628906e-01
4.555549621582031250e-01
4.576256275177001953e-01
4.610259532928466797e-01
4.541766643524169922e-01
4.588465690612792969e-01
4.480824470520019531e-01
4.669933319091796875e-01
4.848363399505615234e-01
4.690506458282470703e-01
4.388897418975830078e-01
4.554986953735351562e-01
4.788813591003417969e-01
4.516739845275878906e-01
4.515504837036132812e-01
4.601917266845703125e-01
4.704842567443847656e-01
4.740960597991943359e-01
4.605932235717773438e-01
4.575250148773193359e-01
4.743063449859619141e-01
4.641373157501220703e-01
4.675188064575195312e-01
4.539892673492431641e-01
4.721984863281250000e-01
4.650244712829589844e-01
4.621260166168212891e-01
4.658994674682617188e-01
4.548239707946777344e-01
4.654982089996337891e-01
4.690954685211181641e-01
4.586784839630126953e-01
4.742360115051269531e-01
4.601426124572753906e-01
4.315629005432128906e-01
4.616522789001464844e-01
4.519102573394775391e-01
4.643411636352539062e-01
4.532711505889892578e-01
4.581248760223388672e-01
4.539978504180908203e-01
4.551398754119873047e-01
4.464297294616699219e-01
4.673030376434326172e-01
4.839999675750732422e-01
4.495267868041992188e-01
4.511759281158447266e-01
4.658105373382568359e-01
4.766390323638916016e-01
4.795894622802734375e-01
4.778048992156982422e-01
4.596204757690429688e-01
4.677965641021728516e-01
5.266118049621582031e-01
4.515886306762695312e-01
4.788718223571777344e-01
4.493415355682373047e-01
4.591658115386962891e-01
4.690933227539062500e-01
4.717190265655517578e-01
