0.24023795127868652
0.20441198348999023
0.19863009452819824
0.19560861587524414
0.28037190437316895
0.21536827087402344
0.2100534439086914
0.2039346694946289
0.2042236328125
0.21832990646362305
0.22133851051330566
0.2189922332763672
0.23289084434509277
0.23053884506225586
0.2332139015197754
0.220167875289917
0.2177424430847168
0.21591854095458984
0.22095751762390137
0.2284553050994873
0.20111775398254395
0.22226810455322266
0.2081441879272461
0.21013593673706055
0.21686458587646484
0.21557903289794922
0.2129364013671875
0.20085763931274414
0.20068764686584473
0.2243790626525879
0.21358013153076172
0.19956445693969727
0.26560258865356445
0.22841119766235352
0.2197132110595703
0.214677095413208
0.20616912841796875
0.2007598876953125
0.24976539611816406
0.21718764305114746
0.20215749740600586
0.20645880699157715
0.2306358814239502
0.25597190856933594
0.24456381797790527
0.25205206871032715
0.25275206565856934
0.2754812240600586
0.25943636894226074
0.20829272270202637
0.21578621864318848
0.21597599983215332
0.19904756546020508
0.2604660987854004
0.24491119384765625
0.22486352920532227
0.2439272403717041
0.24947166442871094
0.2125837802886963
0.19161152839660645
0.25329160690307617
0.23620843887329102
0.24708080291748047
0.2308943271636963
0.19286036491394043
0.2070012092590332
0.22968339920043945
0.18625831604003906
0.21676874160766602
0.22896385192871094
0.2075483798980713
0.22962403297424316
0.20566511154174805
0.20430994033813477
0.21814799308776855
0.2085869312286377
0.18667197227478027
0.2075049877166748
0.24608445167541504
0.22875046730041504
0.2044212818145752
0.24163484573364258
0.19641590118408203
0.22730302810668945
0.21899986267089844
0.19205474853515625
0.24238061904907227
0.25502943992614746
0.19770455360412598
0.25150012969970703
0.22413992881774902
0.2100234031677246
0.22458314895629883
0.26646852493286133
0.2574348449707031
0.21690106391906738
0.1992959976196289
0.2712125778198242
0.21918582916259766
0.2534956932067871
0.24033570289611816
0.2655055522918701
0.21048736572265625
0.2174985408782959
0.19818520545959473
0.19927525520324707
0.20058465003967285
0.19217753410339355
0.1993122100830078
0.2252492904663086
0.19842290878295898
0.21459627151489258
0.2093503475189209
0.2507455348968506
0.20077061653137207
0.23136329650878906
0.26341724395751953
0.26204442977905273
0.215742826461792
0.20049810409545898
0.22834110260009766
0.20416665077209473
0.1967010498046875
0.21761703491210938
0.19243526458740234
0.19976043701171875
0.2053067684173584
0.20123052597045898
0.18750858306884766
0.20328021049499512
0.19478321075439453
0.24086689949035645
0.2439737319946289
0.19948029518127441
0.18977665901184082
0.2537961006164551
0.18918347358703613
0.2393789291381836
0.19441795349121094
0.20518851280212402
0.21926546096801758
0.21930646896362305
0.2486722469329834
0.25359225273132324
0.2655797004699707
0.2345716953277588
0.23004674911499023
0.22475075721740723
0.20005488395690918
0.260526180267334
0.21445894241333008
0.22993159294128418
0.2053663730621338
0.2060227394104004
0.18895983695983887
0.1888742446899414
0.2041912078857422
0.19828414916992188
0.22224998474121094
0.20734691619873047
0.25010061264038086
0.26200175285339355
0.20778799057006836
0.21951818466186523
0.19283819198608398
0.21124744415283203
0.20201897621154785
0.1960909366607666
0.21524858474731445
0.25464749336242676
0.20383596420288086
0.1662147045135498
0.19473838806152344
0.2364053726196289
0.1958320140838623
0.19108891487121582
0.20969343185424805
0.22831034660339355
0.2412395477294922
0.20280027389526367
0.2039165496826172
0.24134564399719238
0.18334150314331055
0.20968890190124512
0.20766925811767578
0.210770845413208
0.2117469310760498
0.1946554183959961
0.2218637466430664
0.21773529052734375
0.210768461227417
0.21575236320495605
0.21218037605285645
0.24219059944152832
0.21016454696655273
0.20761752128601074
0.19758963584899902
0.20841097831726074
0.1943957805633545
0.1916961669921875
0.23357725143432617
0.17589497566223145
0.1912095546722412
0.1919879913330078
0.19959282875061035
0.21264028549194336
0.1918802261352539
0.18995928764343262
0.2284684181213379
0.204345703125
0.24547147750854492
0.21287322044372559
0.20349454879760742
0.21299171447753906
0.22983622550964355
0.20591044425964355
0.22994351387023926
0.20911812782287598
0.1969895362854004
0.2190384864807129
0.2124781608581543
