0.21611428260803223
0.20018792152404785
0.1851670742034912
0.19451141357421875
0.20175480842590332
0.21669721603393555
0.19728755950927734
0.20607614517211914
0.1933577060699463
0.21273374557495117
0.22598004341125488
0.1961348056793213
0.22049617767333984
0.22655320167541504
0.21956777572631836
0.23104071617126465
0.2488415241241455
0.2099454402923584
0.18119406700134277
0.19071078300476074
0.19152307510375977
0.21027565002441406
0.20360231399536133
0.20627593994140625
0.21180224418640137
0.20717549324035645
0.1880016326904297
0.19508886337280273
0.18270564079284668
0.20569729804992676
0.22028112411499023
0.1894235610961914
0.2654871940612793
0.20955705642700195
0.21029424667358398
0.20992588996887207
0.18157649040222168
0.22980451583862305
0.22344541549682617
0.21056818962097168
0.19178509712219238
0.20264148712158203
0.1963825225830078
0.2500629425048828
0.23293805122375488
0.25299072265625
0.24714207649230957
0.2436676025390625
0.2471766471862793
0.20680904388427734
0.20627832412719727
0.20329689979553223
0.19454169273376465
0.23569631576538086
0.21240019798278809
0.19210004806518555
0.22138381004333496
0.24569964408874512
0.18855500221252441
0.1803128719329834
0.2304823398590088
0.2176508903503418
0.23699164390563965
0.23389530181884766
0.18255877494812012
0.17000627517700195
0.21291756629943848
0.17899417877197266
0.20759868621826172
0.2335648536682129
0.17966151237487793
0.22143101692199707
0.21398591995239258
0.19260263442993164
0.1798391342163086
0.16196441650390625
0.17177152633666992
0.2156386375427246
0.20719075202941895
0.21571063995361328
0.1945939064025879
0.23399710655212402
0.17568469047546387
0.206712007522583
0.20310664176940918
0.18521499633789062
0.20079517364501953
0.22670626640319824
0.17070698738098145
0.26104068756103516
0.20740652084350586
0.19193720817565918
0.19885039329528809
0.24895024299621582
0.2376089096069336
0.20409083366394043
0.17618179321289062
0.2785475254058838
0.19511151313781738
0.24233722686767578
0.23159360885620117
0.23958706855773926
0.18944787979125977
0.19712352752685547
0.18198704719543457
0.1771104335784912
0.19337129592895508
0.1875927448272705
0.1837935447692871
0.22793102264404297
0.18893933296203613
0.2051994800567627
0.20101594924926758
0.20035696029663086
0.18897747993469238
0.21923136711120605
0.22851014137268066
0.281951904296875
0.1725752353668213
0.17807888984680176
0.22527074813842773
0.20470786094665527
0.18823719024658203
0.20038270950317383
0.17404985427856445
0.18457770347595215
0.18328261375427246
0.1891341209411621
0.17728972434997559
0.17582488059997559
0.17937755584716797
0.23210668563842773
0.18581366539001465
0.1920156478881836
0.1781463623046875
0.22785425186157227
0.1839580535888672
0.22708606719970703
0.21981430053710938
0.19502997398376465
0.1975705623626709
0.23148465156555176
0.22938275337219238
0.2511751651763916
0.22591686248779297
0.2180922031402588
0.21199536323547363
0.2203047275543213
0.17138028144836426
0.24638676643371582
0.19675564765930176
0.2070908546447754
0.1723484992980957
0.18164515495300293
0.1740093231201172
0.1766960620880127
0.19350147247314453
0.19546127319335938
0.1945047378540039
0.19889569282531738
0.24413108825683594
0.23733043670654297
0.172896146774292
0.19929742813110352
0.2004859447479248
0.1968822479248047
0.179426908493042
0.17209243774414062
0.19411993026733398
0.2247941493988037
0.18123340606689453
0.15334749221801758
0.17732977867126465
0.20975518226623535
0.18665242195129395
0.17650365829467773
0.1964130401611328
0.2227933406829834
0.21372652053833008
0.19746875762939453
0.222975492477417
0.22922205924987793
0.1580047607421875
0.20482659339904785
0.19541358947753906
0.19460511207580566
0.20172715187072754
0.1845378875732422
0.19314241409301758
0.19576382637023926
0.18572139739990234
0.2013547420501709
0.21161651611328125
0.22177553176879883
0.1859300136566162
0.20368742942810059
0.17643404006958008
0.17799592018127441
0.17899131774902344
0.1786813735961914
0.20479583740234375
0.1796863079071045
0.18625426292419434
0.18807530403137207
0.18255233764648438
0.19299864768981934
0.18082571029663086
0.17056727409362793
0.20657730102539062
0.18386626243591309
0.21294832229614258
0.18698382377624512
0.18629050254821777
0.19118404388427734
0.20387673377990723
0.1671583652496338
0.21129989624023438
0.19143962860107422
0.1713428497314453
0.194871187210083
0.20238137245178223
