4.207503795623779297e-01
4.084911346435546875e-01
4.090483188629150391e-01
4.115815162658691406e-01
3.989782333374023438e-01
4.114246368408203125e-01
4.126343727111816406e-01
4.148859977722167969e-01
4.097857475280761719e-01
4.222118854522705078e-01
4.143674373626708984e-01
4.128708839416503906e-01
4.189660549163818359e-01
4.237806797027587891e-01
4.234864711761474609e-01
4.202015399932861328e-01
4.179339408874511719e-01
4.047706127166748047e-01
4.416599273681640625e-01
4.122755527496337891e-01
3.851087093353271484e-01
4.141111373901367188e-01
4.026761054992675781e-01
4.165208339691162109e-01
4.127142429351806641e-01
4.053082466125488281e-01
4.090580940246582031e-01
4.065377712249755859e-01
4.175415039062500000e-01
4.186468124389648438e-01
4.145488739013671875e-01
4.192433357238769531e-01
4.150340557098388672e-01
4.195947647094726562e-01
3.980734348297119141e-01
4.054820537567138672e-01
4.021499156951904297e-01
4.113001823425292969e-01
4.129259586334228516e-01
4.078180789947509766e-01
4.170820713043212891e-01
4.119665622711181641e-01
4.132165908813476562e-01
4.273602962493896484e-01
4.105877876281738281e-01
4.208803176879882812e-01
4.367547035217285156e-01
4.303328990936279297e-01
4.226939678192138672e-01
4.014961719512939453e-01
4.094457626342773438e-01
3.973400592803955078e-01
4.137396812438964844e-01
4.210214614868164062e-01
4.303309917449951172e-01
3.966982364654541016e-01
3.960609436035156250e-01
4.309759140014648438e-01
4.148919582366943359e-01
4.107732772827148438e-01
4.242279529571533203e-01
4.124286174774169922e-01
4.267017841339111328e-01
4.171905517578125000e-01
4.099206924438476562e-01
4.114611148834228516e-01
4.127075672149658203e-01
3.942475318908691406e-01
4.006733894348144531e-01
4.278612136840820312e-01
4.080514907836914062e-01
4.165461063385009766e-01
4.216070175170898438e-01
4.060115814208984375e-01
4.045929908752441406e-01
3.983254432678222656e-01
4.004063606262207031e-01
4.074096679687500000e-01
4.100494384765625000e-01
4.345250129699707031e-01
4.054591655731201172e-01
4.261834621429443359e-01
4.063053131103515625e-01
4.188044071197509766e-01
4.232530593872070312e-01
4.046390056610107422e-01
4.196052551269531250e-01
4.360094070434570312e-01
4.094326496124267578e-01
4.176599979400634766e-01
4.133918285369873047e-01
4.489367008209228516e-01
4.061343669891357422e-01
3.232746124267578125e-01
4.180185794830322266e-01
4.074139595031738281e-01
4.092900753021240234e-01
4.278461933135986328e-01
4.197611808776855469e-01
4.286503791809082031e-01
4.444265365600585938e-01
4.238920211791992188e-01
4.191865921020507812e-01
4.156196117401123047e-01
4.132108688354492188e-01
4.105679988861083984e-01
4.177784919738769531e-01
4.042351245880126953e-01
4.160566329956054688e-01
4.184920787811279297e-01
4.121608734130859375e-01
4.243750572204589844e-01
4.259474277496337891e-01
4.091854095458984375e-01
4.089932441711425781e-01
4.187829494476318359e-01
4.311380386352539062e-01
4.275486469268798828e-01
4.115378856658935547e-01
4.040875434875488281e-01
4.293956756591796875e-01
4.042751789093017578e-01
4.091012477874755859e-01
4.058449268341064453e-01
4.192957878112792969e-01
4.156131744384765625e-01
3.976433277130126953e-01
4.124476909637451172e-01
4.069664478302001953e-01
4.099667072296142578e-01
4.038648605346679688e-01
4.149198532104492188e-01
4.121208190917968750e-01
4.096810817718505859e-01
4.593536853790283203e-01
4.257655143737792969e-01
4.107708930969238281e-01
4.251987934112548828e-01
3.917403221130371094e-01
4.233496189117431641e-01
4.179103374481201172e-01
4.139058589935302734e-01
4.196300506591796875e-01
4.333980083465576172e-01
4.229729175567626953e-01
4.253187179565429688e-01
4.235622882843017578e-01
4.200603961944580078e-01
4.075629711151123047e-01
4.308340549468994141e-01
4.076313972473144531e-01
4.347505569458007812e-01
4.071152210235595703e-01
4.153907299041748047e-01
4.058289527893066406e-01
4.099924564361572266e-01
4.024217128753662109e-01
4.092459678649902344e-01
4.174542427062988281e-01
4.219694137573242188e-01
4.373900890350341797e-01
4.249398708343505859e-01
4.184823036193847656e-01
4.526300430297851562e-01
4.071893692016601562e-01
4.112863540649414062e-01
4.150469303131103516e-01
4.062240123748779297e-01
4.323942661285400391e-01
4.203724861145019531e-01
4.229273796081542969e-01
4.022035598754882812e-01
4.032225608825683594e-01
4.268264770507812500e-01
4.145116806030273438e-01
4.122974872589111328e-01
4.214463233947753906e-01
4.224042892456054688e-01
4.306883811950683594e-01
4.206387996673583984e-01
4.219474792480468750e-01
4.230897426605224609e-01
4.127435684204101562e-01
4.219281673431396484e-01
4.069693088531494141e-01
4.126529693603515625e-01
4.122729301452636719e-01
4.115965366363525391e-01
3.945081233978271484e-01
4.178864955902099609e-01
4.131464958190917969e-01
4.143333435058593750e-01
4.242804050445556641e-01
4.062826633453369141e-01
4.144699573516845703e-01
4.243016242980957031e-01
4.117901325225830078e-01
4.194202423095703125e-01
4.236919879913330078e-01
4.054899215698242188e-01
4.269354343414306641e-01
4.090752601623535156e-01
4.185428619384765625e-01
4.066746234893798828e-01
4.066867828369140625e-01
4.202485084533691406e-01
4.076628684997558594e-01
4.017713069915771484e-01
4.171955585479736328e-01
4.152975082397460938e-01
4.340589046478271484e-01
4.150111675262451172e-01
4.145648479461669922e-01
4.150414466857910156e-01
4.157207012176513672e-01
4.137599468231201172e-01
4.174439907073974609e-01
4.180085659027099609e-01
4.122118949890136719e-01
4.144186973571777344e-01
4.236633777618408203e-01
