0.24000048637390137
0.22569870948791504
0.4487464427947998
0.19017314910888672
0.18697214126586914
0.18717479705810547
0.2129988670349121
0.18618512153625488
0.15540623664855957
0.18017864227294922
0.20534205436706543
0.187727689743042
0.19937562942504883
0.21320724487304688
0.2266085147857666
0.2089846134185791
0.21583867073059082
0.2027289867401123
0.18730592727661133
0.19291186332702637
0.18309545516967773
0.2129499912261963
0.1879868507385254
0.19900250434875488
0.19691061973571777
0.1968860626220703
0.1768798828125
0.19890856742858887
0.2202129364013672
0.19492721557617188
0.2090158462524414
0.18172764778137207
0.24020624160766602
0.20515942573547363
0.22194766998291016
0.19542407989501953
0.1897563934326172
0.1877584457397461
0.2203371524810791
0.2022857666015625
0.1957409381866455
0.19852256774902344
0.19041228294372559
0.2347581386566162
0.2235269546508789
0.23574137687683105
0.25005102157592773
0.24050354957580566
0.22907733917236328
0.19537615776062012
0.1854248046875
0.19086527824401855
0.19637775421142578
0.22947382926940918
0.20977210998535156
0.19573044776916504
0.1823575496673584
0.2432405948638916
0.1906743049621582
0.17045974731445312
0.22652673721313477
0.2180800437927246
0.22675585746765137
0.2695045471191406
0.18222284317016602
0.23540806770324707
0.2207186222076416
0.16982722282409668
0.1983964443206787
0.2162330150604248
0.17952275276184082
0.21136116981506348
0.1824333667755127
0.17413735389709473
0.17886686325073242
0.16127586364746094
0.17118024826049805
0.18819165229797363
0.19997739791870117
0.20821809768676758
0.18765783309936523
0.22563982009887695
0.1774144172668457
0.21301579475402832
0.21312189102172852
0.18882083892822266
0.20136070251464844
0.23338580131530762
0.1661369800567627
0.22949934005737305
0.19965457916259766
0.19709157943725586
0.20442867279052734
0.2493739128112793
0.24803566932678223
0.19498038291931152
0.17784380912780762
0.22466659545898438
0.20045781135559082
0.28879666328430176
0.23107457160949707
0.24220681190490723
0.1941661834716797
0.19764351844787598
0.17238807678222656
0.18874216079711914
0.19405817985534668
0.1815807819366455
0.18817639350891113
0.20684003829956055
0.18562674522399902
0.20695257186889648
0.20839214324951172
0.1880505084991455
0.17911744117736816
0.20939373970031738
0.2317671775817871
0.30974864959716797
0.1809368133544922
0.16985106468200684
0.2259960174560547
0.20159316062927246
0.18391633033752441
0.1883249282836914
0.18001174926757812
0.19394135475158691
0.1828310489654541
0.18463516235351562
0.1768639087677002
0.19211912155151367
0.17993569374084473
0.2189476490020752
0.1795945167541504
0.18232131004333496
0.16390204429626465
0.2302086353302002
0.19299888610839844
0.20821690559387207
0.1804497241973877
0.1908564567565918
0.2059943675994873
0.19388103485107422
0.22812604904174805
0.23700642585754395
0.23750519752502441
0.20404863357543945
0.19989228248596191
0.2042078971862793
0.18393492698669434
0.22606897354125977
0.19411134719848633
0.21030640602111816
0.18725180625915527
0.17808032035827637
0.17975950241088867
0.16870832443237305
0.18528294563293457
0.20370721817016602
0.18855619430541992
0.2833855152130127
0.2280890941619873
0.22903108596801758
0.18564796447753906
0.19437479972839355
0.18462181091308594
0.2006232738494873
0.1902933120727539
0.18893194198608398
0.20582056045532227
0.22395610809326172
0.1776731014251709
0.16373610496520996
0.2039198875427246
0.21621203422546387
0.1783146858215332
0.1716160774230957
0.18572688102722168
0.2095484733581543
0.2243022918701172
0.19535207748413086
0.19504857063293457
0.21809005737304688
0.15629267692565918
0.19456124305725098
0.18834829330444336
0.19175004959106445
0.2005753517150879
0.18542957305908203
0.19336152076721191
0.19645380973815918
0.18352389335632324
0.22155165672302246
0.18991708755493164
0.21374154090881348
0.18828988075256348
0.19741272926330566
0.18360233306884766
0.19476079940795898
0.17737793922424316
0.16553711891174316
0.1969306468963623
0.16026520729064941
0.17393779754638672
0.18242645263671875
0.19018793106079102
0.20073461532592773
0.1784977912902832
0.1702275276184082
0.20705676078796387
0.17984485626220703
0.21669840812683105
0.18941426277160645
0.18228840827941895
0.2153642177581787
0.20386958122253418
0.16992902755737305
0.21222639083862305
0.1787712574005127
0.16918206214904785
0.19359111785888672
0.19293880462646484
