4.307880401611328125e-01
4.335570335388183594e-01
4.253232479095458984e-01
4.256651401519775391e-01
4.312593936920166016e-01
4.182515144348144531e-01
4.339647293090820312e-01
4.102094173431396484e-01
4.327280521392822266e-01
4.016220569610595703e-01
4.148750305175781250e-01
4.182593822479248047e-01
4.340169429779052734e-01
4.339399337768554688e-01
4.167139530181884766e-01
4.346270561218261719e-01
4.376797676086425781e-01
4.190356731414794922e-01
4.248270988464355469e-01
4.245429039001464844e-01
4.136478900909423828e-01
4.251856803894042969e-01
4.287784099578857422e-01
4.225108623504638672e-01
4.475219249725341797e-01
4.289560317993164062e-01
4.213597774505615234e-01
4.173071384429931641e-01
4.249622821807861328e-01
4.111788272857666016e-01
4.296939373016357422e-01
4.001457691192626953e-01
4.376220703125000000e-01
4.295153617858886719e-01
4.383044242858886719e-01
4.189457893371582031e-01
4.249839782714843750e-01
4.328343868255615234e-01
4.340512752532958984e-01
4.230523109436035156e-01
4.262349605560302734e-01
4.314045906066894531e-01
4.857017993927001953e-01
4.299156665802001953e-01
4.392342567443847656e-01
4.407825469970703125e-01
4.515244960784912109e-01
4.489018917083740234e-01
4.209775924682617188e-01
4.191138744354248047e-01
4.261856079101562500e-01
4.307208061218261719e-01
4.170734882354736328e-01
4.403848648071289062e-01
4.345638751983642578e-01
4.305174350738525391e-01
4.296903610229492188e-01
4.430637359619140625e-01
4.232523441314697266e-01
4.084751605987548828e-01
4.295945167541503906e-01
4.302144050598144531e-01
4.403715133666992188e-01
4.466946125030517578e-01
4.355258941650390625e-01
4.373917579650878906e-01
3.892140388488769531e-01
3.420972824096679688e-01
4.307954311370849609e-01
4.314517974853515625e-01
4.261202812194824219e-01
4.105577468872070312e-01
4.327909946441650391e-01
4.348134994506835938e-01
4.253633022308349609e-01
4.247610569000244141e-01
4.599533081054687500e-01
4.055073261260986328e-01
4.253408908843994141e-01
4.394702911376953125e-01
4.271535873413085938e-01
4.464633464813232422e-01
4.260864257812500000e-01
4.212508201599121094e-01
4.405665397644042969e-01
4.199640750885009766e-01
4.418954849243164062e-01
4.309902191162109375e-01
4.211142063140869141e-01
4.409568309783935547e-01
4.219484329223632812e-01
4.336869716644287109e-01
4.475028514862060547e-01
4.349312782287597656e-01
4.325554370880126953e-01
4.287004470825195312e-01
4.292862415313720703e-01
4.455437660217285156e-01
4.364643096923828125e-01
4.417991638183593750e-01
4.393799304962158203e-01
4.456727504730224609e-01
4.279146194458007812e-01
4.270946979522705078e-01
4.313135147094726562e-01
4.269554615020751953e-01
4.344804286956787109e-01
4.212875366210937500e-01
4.208135604858398438e-01
4.278790950775146484e-01
4.203820228576660156e-01
4.336352348327636719e-01
4.275705814361572266e-01
4.406335353851318359e-01
4.297394752502441406e-01
4.354734420776367188e-01
4.310073852539062500e-01
4.445705413818359375e-01
4.206399917602539062e-01
4.253756999969482422e-01
4.415793418884277344e-01
4.340753555297851562e-01
4.252662658691406250e-01
4.383299350738525391e-01
4.076342582702636719e-01
4.336264133453369141e-01
4.312024116516113281e-01
4.230868816375732422e-01
4.179415702819824219e-01
4.178729057312011719e-01
4.310183525085449219e-01
4.400882720947265625e-01
4.411067962646484375e-01
4.228649139404296875e-01
4.221985340118408203e-01
4.232776165008544922e-01
4.137995243072509766e-01
4.364180564880371094e-01
4.273099899291992188e-01
4.169454574584960938e-01
4.191470146179199219e-01
4.133765697479248047e-01
4.395923614501953125e-01
4.358901977539062500e-01
4.604079723358154297e-01
4.315245151519775391e-01
4.388468265533447266e-01
4.424250125885009766e-01
4.165439605712890625e-01
4.362831115722656250e-01
4.339966773986816406e-01
4.292151927947998047e-01
4.289371967315673828e-01
4.245982170104980469e-01
4.213345050811767578e-01
4.175701141357421875e-01
4.357860088348388672e-01
4.254257678985595703e-01
4.279499053955078125e-01
4.137618541717529297e-01
4.358716011047363281e-01
4.420320987701416016e-01
4.224879741668701172e-01
4.362437725067138672e-01
4.409422874450683594e-01
4.336357116699218750e-01
4.214916229248046875e-01
4.235336780548095703e-01
4.251775741577148438e-01
4.351279735565185547e-01
4.072573184967041016e-01
4.242079257965087891e-01
4.243109226226806641e-01
4.386353492736816406e-01
4.297902584075927734e-01
4.215469360351562500e-01
4.187479019165039062e-01
4.411125183105468750e-01
4.441509246826171875e-01
4.328207969665527344e-01
4.190742969512939453e-01
4.489316940307617188e-01
4.353516101837158203e-01
4.243626594543457031e-01
4.242403507232666016e-01
4.243772029876708984e-01
4.372479915618896484e-01
4.218301773071289062e-01
4.325211048126220703e-01
4.252665042877197266e-01
4.333877563476562500e-01
4.262990951538085938e-01
4.296932220458984375e-01
4.302868843078613281e-01
4.101464748382568359e-01
4.317626953125000000e-01
4.466040134429931641e-01
4.320476055145263672e-01
4.209034442901611328e-01
4.239590167999267578e-01
4.197332859039306641e-01
4.134016036987304688e-01
4.335205554962158203e-01
4.272854328155517578e-01
4.313549995422363281e-01
4.000155925750732422e-01
3.974344730377197266e-01
3.547749519348144531e-01
5.071928501129150391e-01
4.204370975494384766e-01
4.324543476104736328e-01
4.710414409637451172e-01
4.254326820373535156e-01
4.359543323516845703e-01
4.363658428192138672e-01
4.279298782348632812e-01
4.522950649261474609e-01
4.407091140747070312e-01
4.354543685913085938e-01
4.285061359405517578e-01
4.305500984191894531e-01
