4.351305961608886719e-01
4.549279212951660156e-01
4.332253932952880859e-01
4.519252777099609375e-01
4.454574584960937500e-01
4.555771350860595703e-01
4.375157356262207031e-01
4.523880481719970703e-01
4.428839683532714844e-01
4.518735408782958984e-01
4.678189754486083984e-01
4.460778236389160156e-01
4.417510032653808594e-01
4.415893554687500000e-01
4.482190608978271484e-01
4.370553493499755859e-01
4.448873996734619141e-01
4.322204589843750000e-01
4.450230598449707031e-01
4.335784912109375000e-01
4.339964389801025391e-01
4.548640251159667969e-01
4.482307434082031250e-01
4.428725242614746094e-01
4.393117427825927734e-01
4.279396533966064453e-01
4.506471157073974609e-01
4.384038448333740234e-01
4.316048622131347656e-01
4.441046714782714844e-01
4.507029056549072266e-01
4.386470317840576172e-01
4.565601348876953125e-01
4.343111515045166016e-01
4.602329730987548828e-01
4.394381046295166016e-01
4.388740062713623047e-01
4.331774711608886719e-01
4.436280727386474609e-01
4.509539604187011719e-01
4.399752616882324219e-01
4.544374942779541016e-01
4.393215179443359375e-01
4.554920196533203125e-01
4.660866260528564453e-01
4.468555450439453125e-01
4.482777118682861328e-01
4.636163711547851562e-01
4.533119201660156250e-01
4.402723312377929688e-01
4.302127361297607422e-01
4.367718696594238281e-01
4.468805789947509766e-01
4.597327709197998047e-01
4.426929950714111328e-01
4.500014781951904297e-01
4.308471679687500000e-01
4.589817523956298828e-01
4.479832649230957031e-01
4.267437458038330078e-01
4.575099945068359375e-01
4.487376213073730469e-01
4.571011066436767578e-01
4.509773254394531250e-01
4.470345973968505859e-01
4.344885349273681641e-01
4.424231052398681641e-01
4.387805461883544922e-01
4.352684020996093750e-01
4.483783245086669922e-01
4.402210712432861328e-01
4.558451175689697266e-01
4.429135322570800781e-01
4.330983161926269531e-01
4.383635520935058594e-01
4.316134452819824219e-01
4.360594749450683594e-01
4.712572097778320312e-01
4.394755363464355469e-01
4.683778285980224609e-01
4.399437904357910156e-01
5.022122859954833984e-01
4.367017745971679688e-01
4.418706893920898438e-01
4.503154754638671875e-01
4.335579872131347656e-01
4.525623321533203125e-01
4.550774097442626953e-01
4.363889694213867188e-01
4.387717247009277344e-01
4.529259204864501953e-01
4.649584293365478516e-01
4.447195529937744141e-01
4.655559062957763672e-01
4.615762233734130859e-01
4.390714168548583984e-01
4.379999637603759766e-01
4.616899490356445312e-01
4.430267810821533203e-01
4.630401134490966797e-01
4.516685009002685547e-01
4.603016376495361328e-01
4.407143592834472656e-01
4.354264736175537109e-01
4.412629604339599609e-01
4.436948299407958984e-01
4.475920200347900391e-01
4.383306503295898438e-01
4.459993839263916016e-01
4.466917514801025391e-01
4.456217288970947266e-01
4.474594593048095703e-01
4.411952495574951172e-01
4.393587112426757812e-01
4.352173805236816406e-01
4.478123188018798828e-01
4.522268772125244141e-01
4.549663066864013672e-01
4.403796195983886719e-01
4.429938793182373047e-01
4.546959400177001953e-01
4.406931400299072266e-01
4.534301757812500000e-01
4.543435573577880859e-01
4.289352893829345703e-01
3.398830890655517578e-01
4.466197490692138672e-01
4.385495185852050781e-01
4.288656711578369141e-01
4.397580623626708984e-01
4.380166530609130859e-01
4.553112983703613281e-01
4.343733787536621094e-01
4.396600723266601562e-01
4.238989353179931641e-01
4.689214229583740234e-01
4.337234497070312500e-01
4.458875656127929688e-01
4.354879856109619141e-01
4.483990669250488281e-01
4.309651851654052734e-01
4.361088275909423828e-01
4.554221630096435547e-01
4.491288661956787109e-01
4.606554508209228516e-01
5.064935684204101562e-01
4.547033309936523438e-01
4.513683319091796875e-01
4.407885074615478516e-01
4.582743644714355469e-01
4.493818283081054688e-01
4.433071613311767578e-01
4.514439105987548828e-01
4.604165554046630859e-01
4.340872764587402344e-01
4.454011917114257812e-01
4.446959495544433594e-01
4.216563701629638672e-01
4.425060749053955078e-01
4.374117851257324219e-01
4.640216827392578125e-01
4.611086845397949219e-01
4.456460475921630859e-01
4.405431747436523438e-01
4.465570449829101562e-01
4.526107311248779297e-01
4.314744472503662109e-01
4.405515193939208984e-01
4.532961845397949219e-01
4.557173252105712891e-01
4.409403800964355469e-01
4.372067451477050781e-01
4.529569149017333984e-01
4.566814899444580078e-01
4.537305831909179688e-01
4.249157905578613281e-01
4.438331127166748047e-01
4.506437778472900391e-01
4.529504776000976562e-01
4.560763835906982422e-01
4.356296062469482422e-01
4.609570503234863281e-01
4.326450824737548828e-01
4.536223411560058594e-01
4.472327232360839844e-01
4.466090202331542969e-01
4.414818286895751953e-01
4.377243518829345703e-01
4.512269496917724609e-01
4.507255554199218750e-01
4.310801029205322266e-01
4.479556083679199219e-01
4.457249641418457031e-01
4.452302455902099609e-01
4.532499313354492188e-01
4.509472846984863281e-01
4.419500827789306641e-01
4.358887672424316406e-01
4.304378032684326172e-01
4.348959922790527344e-01
4.406063556671142578e-01
4.559130668640136719e-01
4.194047451019287109e-01
4.468390941619873047e-01
4.245960712432861328e-01
4.440946578979492188e-01
4.365534782409667969e-01
4.432976245880126953e-01
4.534661769866943359e-01
4.517583847045898438e-01
4.607393741607666016e-01
4.469113349914550781e-01
4.699306488037109375e-01
4.554941654205322266e-01
4.465842247009277344e-01
4.332940578460693359e-01
4.380807876586914062e-01
4.478256702423095703e-01
4.321942329406738281e-01
4.441349506378173828e-01
4.443359375000000000e-01
