4.175581932067871094e-01
4.223237037658691406e-01
4.174122810363769531e-01
4.083285331726074219e-01
4.341256618499755859e-01
4.220840930938720703e-01
4.238934516906738281e-01
4.160172939300537109e-01
4.158980846405029297e-01
4.226894378662109375e-01
4.200839996337890625e-01
4.247515201568603516e-01
4.378294944763183594e-01
4.198009967803955078e-01
4.344663619995117188e-01
4.230129718780517578e-01
4.142763614654541016e-01
4.061636924743652344e-01
4.144768714904785156e-01
4.202008247375488281e-01
4.259262084960937500e-01
4.300038814544677734e-01
4.307663440704345703e-01
4.130825996398925781e-01
4.196908473968505859e-01
4.225773811340332031e-01
4.142305850982666016e-01
4.171581268310546875e-01
4.185280799865722656e-01
3.949418067932128906e-01
4.192028045654296875e-01
4.126174449920654297e-01
4.408326148986816406e-01
4.274322986602783203e-01
4.125499725341796875e-01
4.126536846160888672e-01
4.306929111480712891e-01
4.208252429962158203e-01
4.421911239624023438e-01
4.272294044494628906e-01
4.223253726959228516e-01
4.102880954742431641e-01
4.217984676361083984e-01
4.362034797668457031e-01
4.253933429718017578e-01
4.443860054016113281e-01
4.500999450683593750e-01
4.323573112487792969e-01
4.364602565765380859e-01
4.144415855407714844e-01
4.290964603424072266e-01
4.124426841735839844e-01
4.094991683959960938e-01
4.450206756591796875e-01
4.358708858489990234e-01
4.135081768035888672e-01
4.222376346588134766e-01
4.350545406341552734e-01
4.248523712158203125e-01
4.599556922912597656e-01
4.325926303863525391e-01
4.304609298706054688e-01
4.362962245941162109e-01
4.568476676940917969e-01
4.078965187072753906e-01
4.286935329437255859e-01
4.339931011199951172e-01
4.135391712188720703e-01
4.309256076812744141e-01
4.560246467590332031e-01
4.028978347778320312e-01
4.268589019775390625e-01
4.149804115295410156e-01
4.150195121765136719e-01
4.527175426483154297e-01
4.132707118988037109e-01
4.143421649932861328e-01
4.332263469696044922e-01
4.171900749206542969e-01
4.289951324462890625e-01
4.107499122619628906e-01
4.384176731109619141e-01
4.189398288726806641e-01
4.209434986114501953e-01
4.300074577331542969e-01
4.139006137847900391e-01
4.352307319641113281e-01
4.175193309783935547e-01
4.188208580017089844e-01
4.380278587341308594e-01
4.183497428894042969e-01
4.128129482269287109e-01
4.131760597229003906e-01
4.285848140716552734e-01
4.321527481079101562e-01
4.183495044708251953e-01
4.115581512451171875e-01
4.273254871368408203e-01
4.216020107269287109e-01
4.200258255004882812e-01
4.416787624359130859e-01
4.459810256958007812e-01
4.174344539642333984e-01
4.416613578796386719e-01
4.199309349060058594e-01
4.208846092224121094e-01
4.270579814910888672e-01
4.226970672607421875e-01
4.258441925048828125e-01
4.261245727539062500e-01
4.135527610778808594e-01
4.249346256256103516e-01
4.333748817443847656e-01
4.200534820556640625e-01
4.212968349456787109e-01
4.297409057617187500e-01
4.206624031066894531e-01
4.248106479644775391e-01
4.107336997985839844e-01
4.024374485015869141e-01
4.162881374359130859e-01
4.271318912506103516e-01
4.193785190582275391e-01
4.086811542510986328e-01
4.271831512451171875e-01
4.272124767303466797e-01
4.195466041564941406e-01
4.227972030639648438e-01
4.155020713806152344e-01
4.132318496704101562e-01
4.148652553558349609e-01
4.334414005279541016e-01
4.180305004119873047e-01
4.089360237121582031e-01
4.214675426483154297e-01
4.147293567657470703e-01
4.210062026977539062e-01
4.296805858612060547e-01
4.188225269317626953e-01
4.230058193206787109e-01
4.262831211090087891e-01
3.856439590454101562e-01
4.409458637237548828e-01
4.362919330596923828e-01
4.434528350830078125e-01
4.378714561462402344e-01
4.128842353820800781e-01
4.159355163574218750e-01
4.130077362060546875e-01
4.348266124725341797e-01
4.125347137451171875e-01
4.466280937194824219e-01
4.319531917572021484e-01
4.178462028503417969e-01
4.154777526855468750e-01
4.091129302978515625e-01
4.185943603515625000e-01
4.231166839599609375e-01
4.043397903442382812e-01
4.126682281494140625e-01
4.502458572387695312e-01
4.293351173400878906e-01
4.058856964111328125e-01
4.265456199645996094e-01
4.184184074401855469e-01
4.314877986907958984e-01
4.297897815704345703e-01
4.191257953643798828e-01
4.328949451446533203e-01
4.322416782379150391e-01
4.250769615173339844e-01
4.149870872497558594e-01
4.297015666961669922e-01
4.301631450653076172e-01
4.140264987945556641e-01
4.191820621490478516e-01
4.221596717834472656e-01
4.203705787658691406e-01
4.522376060485839844e-01
4.300804138183593750e-01
4.148209095001220703e-01
4.372193813323974609e-01
4.277937412261962891e-01
4.207553863525390625e-01
4.096121788024902344e-01
4.432241916656494141e-01
4.242641925811767578e-01
4.130451679229736328e-01
4.289104938507080078e-01
4.285345077514648438e-01
4.315564632415771484e-01
4.132695198059082031e-01
4.271767139434814453e-01
4.354145526885986328e-01
4.140934944152832031e-01
4.224076271057128906e-01
4.302170276641845703e-01
4.209337234497070312e-01
4.169926643371582031e-01
4.142279624938964844e-01
4.211061000823974609e-01
4.135749340057373047e-01
4.111394882202148438e-01
4.144549369812011719e-01
4.242904186248779297e-01
4.244947433471679688e-01
4.247930049896240234e-01
3.205053806304931641e-01
4.279978275299072266e-01
4.249277114868164062e-01
4.302966594696044922e-01
4.140002727508544922e-01
4.181840419769287109e-01
4.184424877166748047e-01
4.355494976043701172e-01
4.247565269470214844e-01
4.566316604614257812e-01
4.312553405761718750e-01
4.284701347351074219e-01
4.209542274475097656e-01
4.392306804656982422e-01
