4.434700012207031250e-01
4.415285587310791016e-01
4.568598270416259766e-01
4.630734920501708984e-01
4.529802799224853516e-01
4.512224197387695312e-01
4.389157295227050781e-01
4.677634239196777344e-01
4.456853866577148438e-01
4.429435729980468750e-01
4.601657390594482422e-01
4.538183212280273438e-01
4.558482170104980469e-01
4.643115997314453125e-01
4.673128128051757812e-01
4.583055973052978516e-01
4.652032852172851562e-01
4.640874862670898438e-01
4.355986118316650391e-01
4.511203765869140625e-01
4.331758022308349609e-01
4.604616165161132812e-01
4.702723026275634766e-01
4.424428939819335938e-01
4.593255519866943359e-01
4.526927471160888672e-01
4.598124027252197266e-01
4.473817348480224609e-01
4.569478034973144531e-01
4.517204761505126953e-01
4.652943611145019531e-01
4.498426914215087891e-01
4.729685783386230469e-01
4.639391899108886719e-01
4.640054702758789062e-01
4.489936828613281250e-01
4.481759071350097656e-01
4.506161212921142578e-01
4.605038166046142578e-01
4.512279033660888672e-01
4.660434722900390625e-01
4.506921768188476562e-01
4.541835784912109375e-01
4.629735946655273438e-01
4.649760723114013672e-01
4.637374877929687500e-01
4.567000865936279297e-01
4.656727313995361328e-01
4.559924602508544922e-01
4.469327926635742188e-01
4.488446712493896484e-01
4.608485698699951172e-01
4.482355117797851562e-01
4.586076736450195312e-01
4.600362777709960938e-01
4.399595260620117188e-01
4.417834281921386719e-01
4.794075489044189453e-01
4.845564365386962891e-01
4.734947681427001953e-01
4.443812370300292969e-01
4.713654518127441406e-01
4.506816864013671875e-01
4.529116153717041016e-01
4.409170150756835938e-01
4.538304805755615234e-01
4.429581165313720703e-01
4.495656490325927734e-01
4.438769817352294922e-01
4.869225025177001953e-01
4.315013885498046875e-01
4.489052295684814453e-01
4.465341567993164062e-01
4.629416465759277344e-01
4.498465061187744141e-01
4.488050937652587891e-01
4.535434246063232422e-01
4.495770931243896484e-01
4.581182003021240234e-01
4.487049579620361328e-01
4.438867568969726562e-01
4.535152912139892578e-01
4.360463619232177734e-01
4.514465332031250000e-01
4.520220756530761719e-01
4.579241275787353516e-01
4.525494575500488281e-01
4.549314975738525391e-01
4.379124641418457031e-01
4.784018993377685547e-01
4.659011363983154297e-01
4.610884189605712891e-01
4.640810489654541016e-01
4.621720314025878906e-01
4.657552242279052734e-01
4.608478546142578125e-01
4.407839775085449219e-01
4.759495258331298828e-01
4.609372615814208984e-01
4.707620143890380859e-01
4.739670753479003906e-01
4.670736789703369141e-01
4.552979469299316406e-01
4.545207023620605469e-01
4.431829452514648438e-01
4.607434272766113281e-01
4.536373615264892578e-01
4.592587947845458984e-01
4.503467082977294922e-01
4.731695652008056641e-01
4.634978771209716797e-01
4.481441974639892578e-01
4.555671215057373047e-01
4.544770717620849609e-01
4.391853809356689453e-01
4.782564640045166016e-01
4.707942008972167969e-01
4.806463718414306641e-01
4.360237121582031250e-01
4.488644599914550781e-01
4.730169773101806641e-01
4.592058658599853516e-01
4.393956661224365234e-01
4.543151855468750000e-01
4.529621601104736328e-01
4.491913318634033203e-01
4.526817798614501953e-01
4.383192062377929688e-01
4.552304744720458984e-01
4.424798488616943359e-01
4.513676166534423828e-01
4.670338630676269531e-01
4.560139179229736328e-01
4.540722370147705078e-01
4.503328800201416016e-01
4.920485019683837891e-01
4.381966590881347656e-01
4.753835201263427734e-01
4.605686664581298828e-01
4.649899005889892578e-01
4.719507694244384766e-01
4.625043869018554688e-01
4.770720005035400391e-01
4.698281288146972656e-01
4.672534465789794922e-01
4.702820777893066406e-01
4.476604461669921875e-01
4.743483066558837891e-01
4.494721889495849609e-01
4.601290225982666016e-01
4.571654796600341797e-01
4.576885700225830078e-01
4.471545219421386719e-01
4.551582336425781250e-01
4.638586044311523438e-01
4.538178443908691406e-01
4.518170356750488281e-01
4.430773258209228516e-01
4.496176242828369141e-01
4.470632076263427734e-01
4.611151218414306641e-01
4.748356342315673828e-01
4.498114585876464844e-01
4.629077911376953125e-01
4.280309677124023438e-01
4.369461536407470703e-01
4.468669891357421875e-01
4.554550647735595703e-01
4.430394172668457031e-01
4.640955924987792969e-01
4.446544647216796875e-01
4.428043365478515625e-01
4.450197219848632812e-01
4.572219848632812500e-01
4.516003131866455078e-01
4.445898532867431641e-01
4.546008110046386719e-01
4.613535404205322266e-01
4.632327556610107422e-01
4.438126087188720703e-01
4.520015716552734375e-01
4.622931480407714844e-01
3.748149871826171875e-01
3.029489517211914062e-01
4.555430412292480469e-01
4.502608776092529297e-01
4.615578651428222656e-01
4.250972270965576172e-01
4.560260772705078125e-01
4.511852264404296875e-01
4.550268650054931641e-01
4.410181045532226562e-01
4.573464393615722656e-01
4.611353874206542969e-01
4.594290256500244141e-01
4.582324028015136719e-01
4.451277256011962891e-01
4.516077041625976562e-01
4.447121620178222656e-01
4.502067565917968750e-01
4.575700759887695312e-01
4.913263320922851562e-01
4.614884853363037109e-01
4.486219882965087891e-01
4.520592689514160156e-01
4.648346900939941406e-01
4.479610919952392578e-01
4.579856395721435547e-01
4.563629627227783203e-01
4.005596637725830078e-01
4.458377361297607422e-01
4.594049453735351562e-01
4.619624614715576172e-01
4.524476528167724609e-01
4.656653404235839844e-01
4.466991424560546875e-01
4.699592590332031250e-01
4.590964317321777344e-01
4.492452144622802734e-01
4.428660869598388672e-01
4.597716331481933594e-01
