0.22570109367370605
0.21859383583068848
0.20652484893798828
0.2131185531616211
0.2320401668548584
0.22905349731445312
0.22295594215393066
0.2235879898071289
0.19945859909057617
0.21466279029846191
0.23848199844360352
0.22558355331420898
0.22899270057678223
0.22346186637878418
0.23387598991394043
0.24342823028564453
0.24247980117797852
0.22528505325317383
0.20698070526123047
0.22989749908447266
0.22523117065429688
0.2334916591644287
0.22875022888183594
0.21430325508117676
0.24222326278686523
0.21400022506713867
0.20612406730651855
0.19969391822814941
0.20490622520446777
0.22614765167236328
0.24593067169189453
0.21263861656188965
0.25547361373901367
0.2217104434967041
0.2403726577758789
0.2269444465637207
0.2194821834564209
0.20572876930236816
0.22648239135742188
0.2418830394744873
0.22436213493347168
0.2225325107574463
0.21641802787780762
0.24703764915466309
0.23501992225646973
0.2730274200439453
0.26464033126831055
0.26227688789367676
0.2750229835510254
0.2191779613494873
0.22730612754821777
0.23925399780273438
0.21372127532958984
0.24636316299438477
0.23862028121948242
0.21515870094299316
0.22990655899047852
0.26186347007751465
0.22053790092468262
0.2082509994506836
0.24884366989135742
0.23524951934814453
0.25693368911743164
0.2425673007965088
0.211378812789917
0.20286321640014648
0.24395298957824707
0.19986557960510254
0.2169945240020752
0.23500871658325195
0.22296142578125
0.2294003963470459
0.21413922309875488
0.20529866218566895
0.21105003356933594
0.18761205673217773
0.19457554817199707
0.20838713645935059
0.2359786033630371
0.24276041984558105
0.21588444709777832
0.25365376472473145
0.27943921089172363
0.22773194313049316
0.2334270477294922
0.19752240180969238
0.24784302711486816
0.24651694297790527
0.18623805046081543
0.26378631591796875
0.2250370979309082
0.23655343055725098
0.22699522972106934
0.27611351013183594
0.2835390567779541
0.2166910171508789
0.2109222412109375
0.2819972038269043
0.22891664505004883
0.2550523281097412
0.25348472595214844
0.2629528045654297
0.21763110160827637
0.23131322860717773
0.20628952980041504
0.20599865913391113
0.20644521713256836
0.21020102500915527
0.20122838020324707
0.23734450340270996
0.22199511528015137
0.24745583534240723
0.23564362525939941
0.22526192665100098
0.1999986171722412
0.24784159660339355
0.26459455490112305
0.28929686546325684
0.20469355583190918
0.1994941234588623
0.23963308334350586
0.22208070755004883
0.20698976516723633
0.21361517906188965
0.20898962020874023
0.2230224609375
0.22305965423583984
0.20781803131103516
0.20275282859802246
0.20062875747680664
0.20499944686889648
0.25772762298583984
0.20997142791748047
0.20321297645568848
0.20209074020385742
0.25641608238220215
0.21257758140563965
0.2519385814666748
0.2026059627532959
0.2390601634979248
0.2214674949645996
0.22551250457763672
0.24771475791931152
0.2741212844848633
0.2688283920288086
0.2243964672088623
0.21475744247436523
0.22853350639343262
0.20018315315246582
0.24469399452209473
0.23331952095031738
0.2410726547241211
0.2156226634979248
0.20335650444030762
0.19005179405212402
0.19351530075073242
0.2275850772857666
0.21039700508117676
0.20753908157348633
0.21662306785583496
0.26135969161987305
0.26479601860046387
0.2202773094177246
0.21744799613952637
0.20578455924987793
0.21906542778015137
0.1994633674621582
0.1956775188446045
0.21350932121276855
0.27220749855041504
0.2187488079071045
0.18196773529052734
0.19997239112854004
0.24822568893432617
0.2046055793762207
0.2148897647857666
0.23309040069580078
0.2310633659362793
0.24831247329711914
0.21491193771362305
0.2164320945739746
0.2593717575073242
0.19738507270812988
0.22190237045288086
0.22580504417419434
0.22002673149108887
0.23160958290100098
0.20104551315307617
0.22116708755493164
0.23783612251281738
0.21608352661132812
0.22849202156066895
0.21627116203308105
0.24156785011291504
0.213850736618042
0.2330183982849121
0.2199993133544922
0.2132878303527832
0.2148571014404297
0.20283937454223633
0.22899746894836426
0.1883397102355957
0.21549487113952637
0.2102499008178711
0.2140512466430664
0.21979570388793945
0.20803070068359375
0.18900108337402344
0.23340725898742676
0.20174956321716309
0.24231529235839844
0.22806954383850098
0.2131950855255127
0.22421884536743164
0.21904873847961426
0.20256710052490234
0.2333362102508545
0.21417713165283203
0.1995096206665039
0.22040891647338867
0.2411949634552002
