0.21500635147094727
0.1859297752380371
0.21047377586364746
0.19612789154052734
0.20880675315856934
0.2075498104095459
0.20176410675048828
0.19640040397644043
0.20357894897460938
0.20560336112976074
0.20287108421325684
0.21052885055541992
0.22073984146118164
0.22559499740600586
0.22284936904907227
0.22100281715393066
0.22374224662780762
0.21287798881530762
0.1888577938079834
0.19169163703918457
0.19913172721862793
0.21462130546569824
0.20911312103271484
0.20892882347106934
0.2092440128326416
0.2088322639465332
0.19893455505371094
0.18220877647399902
0.189528226852417
0.2001020908355713
0.23311972618103027
0.19368219375610352
0.2506392002105713
0.22329139709472656
0.2429959774017334
0.21894454956054688
0.20317983627319336
0.20398473739624023
0.2159724235534668
0.20868706703186035
0.1968839168548584
0.1993095874786377
0.21138715744018555
0.24687695503234863
0.2257676124572754
0.2533094882965088
0.24830913543701172
0.25273656845092773
0.25933408737182617
0.20839881896972656
0.19029641151428223
0.1979982852935791
0.21645188331604004
0.24898934364318848
0.21529817581176758
0.19484949111938477
0.2016897201538086
0.2439875602722168
0.18831205368041992
0.1972341537475586
0.2317795753479004
0.2443711757659912
0.23627519607543945
0.23232269287109375
0.1784827709197998
0.19141674041748047
0.210524320602417
0.1771550178527832
0.21184754371643066
0.24096226692199707
0.1928398609161377
0.22900032997131348
0.1939830780029297
0.19999480247497559
0.20132732391357422
0.1755678653717041
0.18363070487976074
0.19709348678588867
0.22326445579528809
0.22347092628479004
0.20162296295166016
0.2460956573486328
0.18065595626831055
0.2146739959716797
0.22184205055236816
0.20159268379211426
0.22260189056396484
0.2633235454559326
0.17972564697265625
0.2448596954345703
0.2095634937286377
0.20180273056030273
0.2179102897644043
0.25951075553894043
0.24491381645202637
0.21635198593139648
0.1793348789215088
0.24272918701171875
0.2029571533203125
0.24304747581481934
0.2577211856842041
0.24391531944274902
0.1958022117614746
0.2050635814666748
0.2176058292388916
0.19426226615905762
0.2017366886138916
0.18904566764831543
0.19160103797912598
0.2224571704864502
0.2026994228363037
0.21190404891967773
0.21848058700561523
0.20605158805847168
0.17565655708312988
0.2464759349822998
0.25405359268188477
0.24027776718139648
0.1886739730834961
0.19328784942626953
0.2808964252471924
0.20821046829223633
0.18753623962402344
0.1939997673034668
0.20609283447265625
0.19721102714538574
0.18527984619140625
0.19543027877807617
0.19743824005126953
0.18720769882202148
0.18283867835998535
0.23289918899536133
0.18636870384216309
0.19712114334106445
0.18120694160461426
0.23711395263671875
0.18550753593444824
0.21817421913146973
0.189316987991333
0.20344805717468262
0.20211267471313477
0.21455860137939453
0.22107410430908203
0.2532005310058594
0.2509288787841797
0.23631525039672852
0.21091270446777344
0.21153998374938965
0.1961817741394043
0.24060678482055664
0.21399998664855957
0.22600555419921875
0.21282076835632324
0.18713831901550293
0.18470144271850586
0.1728963851928711
0.19805908203125
0.19684219360351562
0.20119237899780273
0.1859731674194336
0.24582910537719727
0.26199960708618164
0.19710922241210938
0.21393108367919922
0.18819332122802734
0.21399998664855957
0.20435523986816406
0.18912863731384277
0.204939603805542
0.2306656837463379
0.19255518913269043
0.16724276542663574
0.18198227882385254
0.21181941032409668
0.18713808059692383
0.18651223182678223
0.20345306396484375
0.22140169143676758
0.23338699340820312
0.2251265048980713
0.19231796264648438
0.24444270133972168
0.18306207656860352
0.20963096618652344
0.20277738571166992
0.20951008796691895
0.21475744247436523
0.1997053623199463
0.20753717422485352
0.2017655372619629
0.18904614448547363
0.2132720947265625
0.21040964126586914
0.24375391006469727
0.19646310806274414
0.20152592658996582
0.18374872207641602
0.19289040565490723
0.18492650985717773
0.18242573738098145
0.2212231159210205
0.1661229133605957
0.2009413242340088
0.18523573875427246
0.18195486068725586
0.2024555206298828
0.19281005859375
0.1829667091369629
0.21418309211730957
0.18948006629943848
0.23120832443237305
0.19936347007751465
0.19248199462890625
0.1989598274230957
0.21408510208129883
0.19719481468200684
0.23731112480163574
0.2001793384552002
0.18728327751159668
0.20619893074035645
0.21000051498413086
