4.411420822143554688e-01
4.319951534271240234e-01
4.522168636322021484e-01
4.597229957580566406e-01
4.401459693908691406e-01
4.347438812255859375e-01
4.401526451110839844e-01
4.367637634277343750e-01
4.323191642761230469e-01
4.346141815185546875e-01
4.343516826629638672e-01
4.319849014282226562e-01
4.371080398559570312e-01
4.523785114288330078e-01
4.434103965759277344e-01
4.529597759246826172e-01
4.453699588775634766e-01
4.342155456542968750e-01
4.277133941650390625e-01
4.368658065795898438e-01
4.238102436065673828e-01
4.332492351531982422e-01
4.428734779357910156e-01
4.303562641143798828e-01
4.398896694183349609e-01
4.242360591888427734e-01
4.198117256164550781e-01
4.380693435668945312e-01
4.397499561309814453e-01
4.339630603790283203e-01
4.512977600097656250e-01
4.425194263458251953e-01
4.563114643096923828e-01
4.381201267242431641e-01
4.403336048126220703e-01
4.373641014099121094e-01
4.289419651031494141e-01
4.354035854339599609e-01
4.508974552154541016e-01
4.376800060272216797e-01
4.356315135955810547e-01
4.231963157653808594e-01
4.369556903839111328e-01
4.428746700286865234e-01
4.399175643920898438e-01
4.573419094085693359e-01
4.558048248291015625e-01
4.642832279205322266e-01
4.298901557922363281e-01
4.340534210205078125e-01
4.472665786743164062e-01
4.339349269866943359e-01
4.365506172180175781e-01
4.444139003753662109e-01
4.492189884185791016e-01
4.365432262420654297e-01
4.424080848693847656e-01
4.378309249877929688e-01
4.212431907653808594e-01
4.382295608520507812e-01
4.314017295837402344e-01
4.432561397552490234e-01
4.541077613830566406e-01
4.375064373016357422e-01
4.233670234680175781e-01
4.401924610137939453e-01
4.451763629913330078e-01
4.260120391845703125e-01
4.388749599456787109e-01
4.358005523681640625e-01
4.604880809783935547e-01
4.438881874084472656e-01
4.418363571166992188e-01
4.313678741455078125e-01
4.407634735107421875e-01
4.191274642944335938e-01
4.376997947692871094e-01
4.291002750396728516e-01
4.467132091522216797e-01
4.470419883728027344e-01
4.278743267059326172e-01
4.508256912231445312e-01
4.497575759887695312e-01
4.418432712554931641e-01
4.401593208312988281e-01
4.372255802154541016e-01
4.364039897918701172e-01
4.555494785308837891e-01
4.296588897705078125e-01
4.402878284454345703e-01
4.436638355255126953e-01
4.348304271697998047e-01
4.383819103240966797e-01
4.537403583526611328e-01
4.478945732116699219e-01
4.399616718292236328e-01
4.420301914215087891e-01
4.439952373504638672e-01
4.347379207611083984e-01
4.459018707275390625e-01
4.523401260375976562e-01
4.487609863281250000e-01
4.315733909606933594e-01
4.324967861175537109e-01
4.324071407318115234e-01
4.195988178253173828e-01
4.378144741058349609e-01
4.411585330963134766e-01
4.310877323150634766e-01
4.459133148193359375e-01
4.463279247283935547e-01
4.411892890930175781e-01
4.332346916198730469e-01
4.342620372772216797e-01
4.304082393646240234e-01
4.450910091400146484e-01
4.556345939636230469e-01
4.411213397979736328e-01
4.267063140869140625e-01
3.417723178863525391e-01
4.529161453247070312e-01
4.376478195190429688e-01
4.302272796630859375e-01
4.433465003967285156e-01
4.240331649780273438e-01
4.382705688476562500e-01
4.406046867370605469e-01
4.308140277862548828e-01
4.269444942474365234e-01
4.309458732604980469e-01
4.162790775299072266e-01
4.495818614959716797e-01
4.320521354675292969e-01
4.351940155029296875e-01
4.275622367858886719e-01
4.484086036682128906e-01
4.529852867126464844e-01
4.371170997619628906e-01
4.258680343627929688e-01
4.723887443542480469e-01
4.213330745697021484e-01
4.375071525573730469e-01
4.455389976501464844e-01
4.520759582519531250e-01
4.408707618713378906e-01
4.433040618896484375e-01
4.399425983428955078e-01
4.454028606414794922e-01
4.274032115936279297e-01
4.599447250366210938e-01
4.322593212127685547e-01
4.598839282989501953e-01
4.379999637603759766e-01
4.316930770874023438e-01
4.298241138458251953e-01
4.355170726776123047e-01
4.325892925262451172e-01
4.267818927764892578e-01
4.395005702972412109e-01
4.353704452514648438e-01
4.452760219573974609e-01
4.538943767547607422e-01
4.430506229400634766e-01
4.284255504608154297e-01
4.368107318878173828e-01
4.398579597473144531e-01
4.327156543731689453e-01
4.268758296966552734e-01
4.343945980072021484e-01
4.401090145111083984e-01
4.267995357513427734e-01
4.287693500518798828e-01
4.313452243804931641e-01
4.419388771057128906e-01
4.372086524963378906e-01
4.405922889709472656e-01
4.419598579406738281e-01
4.476397037506103516e-01
4.671118259429931641e-01
4.359238147735595703e-01
4.255487918853759766e-01
4.433970451354980469e-01
4.212474822998046875e-01
4.349391460418701172e-01
4.364194869995117188e-01
4.090435504913330078e-01
4.379959106445312500e-01
4.302847385406494141e-01
4.475224018096923828e-01
4.346549510955810547e-01
4.422063827514648438e-01
4.356143474578857422e-01
4.390625953674316406e-01
4.479799270629882812e-01
4.329578876495361328e-01
4.296913146972656250e-01
4.314799308776855469e-01
4.428038597106933594e-01
4.338526725769042969e-01
4.354467391967773438e-01
4.383306503295898438e-01
4.397473335266113281e-01
4.323165416717529297e-01
4.420537948608398438e-01
4.293951988220214844e-01
4.399111270904541016e-01
4.256081581115722656e-01
4.268803596496582031e-01
4.633646011352539062e-01
4.371359348297119141e-01
4.433143138885498047e-01
4.334130287170410156e-01
4.392654895782470703e-01
4.423415660858154297e-01
4.413387775421142578e-01
4.293572902679443359e-01
4.415071010589599609e-01
4.372065067291259766e-01
4.322493076324462891e-01
4.340858459472656250e-01
4.199879169464111328e-01
