4.589958190917968750e-01
4.001941680908203125e-01
4.105675220489501953e-01
4.159717559814453125e-01
4.079527854919433594e-01
4.290010929107666016e-01
4.091925621032714844e-01
4.583175182342529297e-01
4.006412029266357422e-01
4.122667312622070312e-01
4.484779834747314453e-01
3.687031269073486328e-01
4.155972003936767578e-01
4.335994720458984375e-01
3.978998661041259766e-01
4.112212657928466797e-01
4.141006469726562500e-01
4.195744991302490234e-01
3.897542953491210938e-01
3.934786319732666016e-01
4.078154563903808594e-01
4.103341102600097656e-01
4.814944267272949219e-01
3.924746513366699219e-01
4.113953113555908203e-01
3.980576992034912109e-01
3.901388645172119141e-01
4.162981510162353516e-01
3.881499767303466797e-01
4.209113121032714844e-01
4.156329631805419922e-01
4.000029563903808594e-01
4.165415763854980469e-01
4.163818359375000000e-01
4.325556755065917969e-01
4.061167240142822266e-01
3.622555732727050781e-01
4.082667827606201172e-01
3.922486305236816406e-01
3.964290618896484375e-01
4.000442028045654297e-01
3.855102062225341797e-01
3.964898586273193359e-01
4.092829227447509766e-01
3.987433910369873047e-01
4.092836380004882812e-01
4.846091270446777344e-01
4.146354198455810547e-01
4.132180213928222656e-01
4.083776473999023438e-01
3.976843357086181641e-01
3.716442584991455078e-01
4.060990810394287109e-01
4.131929874420166016e-01
4.180128574371337891e-01
3.930010795593261719e-01
4.009792804718017578e-01
4.191257953643798828e-01
3.964297771453857422e-01
4.201078414916992188e-01
4.227864742279052734e-01
4.032809734344482422e-01
4.233689308166503906e-01
4.304080009460449219e-01
4.010844230651855469e-01
3.926842212677001953e-01
4.129292964935302734e-01
4.009175300598144531e-01
4.051895141601562500e-01
4.196915626525878906e-01
4.019668102264404297e-01
5.024569034576416016e-01
4.159495830535888672e-01
3.887403011322021484e-01
4.183945655822753906e-01
3.935105800628662109e-01
4.051425457000732422e-01
4.089870452880859375e-01
4.105482101440429688e-01
4.023351669311523438e-01
3.954722881317138672e-01
4.471566677093505859e-01
3.841311931610107422e-01
4.268372058868408203e-01
4.088101387023925781e-01
3.968455791473388672e-01
3.970067501068115234e-01
4.218459129333496094e-01
3.847181797027587891e-01
4.141023159027099609e-01
4.094576835632324219e-01
3.979592323303222656e-01
3.964307308197021484e-01
4.103918075561523438e-01
4.019589424133300781e-01
4.049732685089111328e-01
4.082155227661132812e-01
4.064953327178955078e-01
4.199061393737792969e-01
4.192869663238525391e-01
4.276700019836425781e-01
4.303901195526123047e-01
4.055583477020263672e-01
4.185757637023925781e-01
4.095554351806640625e-01
4.122219085693359375e-01
4.060871601104736328e-01
4.016988277435302734e-01
4.037253856658935547e-01
4.366965293884277344e-01
4.077587127685546875e-01
4.095768928527832031e-01
4.026219844818115234e-01
4.057502746582031250e-01
4.023797512054443359e-01
4.271690845489501953e-01
4.130427837371826172e-01
4.287209510803222656e-01
4.091835021972656250e-01
4.150600433349609375e-01
4.119009971618652344e-01
4.167089462280273438e-01
4.084558486938476562e-01
4.026975631713867188e-01
3.867371082305908203e-01
4.016044139862060547e-01
4.012849330902099609e-01
4.043719768524169922e-01
4.089915752410888672e-01
4.029216766357421875e-01
3.966662883758544922e-01
4.281063079833984375e-01
4.045720100402832031e-01
3.938021659851074219e-01
3.945825099945068359e-01
4.139630794525146484e-01
3.966126441955566406e-01
4.196829795837402344e-01
3.975112438201904297e-01
4.093031883239746094e-01
4.123470783233642578e-01
4.248921871185302734e-01
4.196915626525878906e-01
4.297266006469726562e-01
4.919402599334716797e-01
4.185693264007568359e-01
4.106519222259521484e-01
4.153077602386474609e-01
3.959975242614746094e-01
4.196665287017822266e-01
4.110090732574462891e-01
4.257814884185791016e-01
4.060766696929931641e-01
4.048335552215576172e-01
3.989286422729492188e-01
4.072997570037841797e-01
4.099647998809814453e-01
4.263584613800048828e-01
4.085841178894042969e-01
3.987481594085693359e-01
4.333407878875732422e-01
4.288914203643798828e-01
3.938820362091064453e-01
4.100229740142822266e-01
4.056637287139892578e-01
4.037923812866210938e-01
4.122188091278076172e-01
3.991656303405761719e-01
4.305157661437988281e-01
4.160058498382568359e-01
3.889651298522949219e-01
3.959188461303710938e-01
4.089779853820800781e-01
4.280202388763427734e-01
4.212749004364013672e-01
4.077200889587402344e-01
4.148871898651123047e-01
4.152281284332275391e-01
4.167745113372802734e-01
4.070584774017333984e-01
4.063136577606201172e-01
4.214966297149658203e-01
3.838438987731933594e-01
4.191501140594482422e-01
3.967130184173583984e-01
4.249918460845947266e-01
4.084472656250000000e-01
3.992915153503417969e-01
4.122684001922607422e-01
4.053571224212646484e-01
4.632191658020019531e-01
4.138855934143066406e-01
4.181432723999023438e-01
4.221189022064208984e-01
3.953928947448730469e-01
4.083518981933593750e-01
4.087057113647460938e-01
3.969490528106689453e-01
4.055888652801513672e-01
4.009776115417480469e-01
4.106898307800292969e-01
3.924138545989990234e-01
3.935291767120361328e-01
3.969244956970214844e-01
4.059908390045166016e-01
4.047863483428955078e-01
4.030275344848632812e-01
3.989312648773193359e-01
4.030179977416992188e-01
4.059398174285888672e-01
4.151089191436767578e-01
4.124279022216796875e-01
4.124433994293212891e-01
4.211192131042480469e-01
4.204382896423339844e-01
3.925991058349609375e-01
4.256958961486816406e-01
4.644467830657958984e-01
4.033334255218505859e-01
4.075160026550292969e-01
4.081206321716308594e-01
