4.259822368621826172e-01
3.974344730377197266e-01
3.879370689392089844e-01
3.998115062713623047e-01
4.116630554199218750e-01
4.126138687133789062e-01
4.022552967071533203e-01
4.155497550964355469e-01
3.985290527343750000e-01
4.080801010131835938e-01
4.118833541870117188e-01
4.016582965850830078e-01
4.141128063201904297e-01
4.151306152343750000e-01
4.127919673919677734e-01
4.140245914459228516e-01
4.501996040344238281e-01
3.968021869659423828e-01
4.048302173614501953e-01
4.017682075500488281e-01
4.087419509887695312e-01
4.078447818756103516e-01
3.958618640899658203e-01
4.031631946563720703e-01
4.040017127990722656e-01
4.157474040985107422e-01
3.991317749023437500e-01
4.252865314483642578e-01
3.882865905761718750e-01
4.090068340301513672e-01
4.034292697906494141e-01
3.903264999389648438e-01
4.142582416534423828e-01
4.073183536529541016e-01
4.195888042449951172e-01
3.997094631195068359e-01
4.021997451782226562e-01
4.050118923187255859e-01
4.047820568084716797e-01
4.074037075042724609e-01
4.045794010162353516e-01
3.939390182495117188e-01
4.012537002563476562e-01
4.331345558166503906e-01
4.227168560028076172e-01
4.078643321990966797e-01
4.081764221191406250e-01
4.128828048706054688e-01
4.110474586486816406e-01
3.920702934265136719e-01
4.081571102142333984e-01
4.039385318756103516e-01
3.958084583282470703e-01
4.118168354034423828e-01
4.399116039276123047e-01
3.903160095214843750e-01
3.975133895874023438e-01
4.114820957183837891e-01
4.102294445037841797e-01
3.963334560394287109e-01
4.125492572784423828e-01
4.096336364746093750e-01
4.213397502899169922e-01
4.256927967071533203e-01
4.077844619750976562e-01
3.840396404266357422e-01
4.227488040924072266e-01
4.165480136871337891e-01
4.068953990936279297e-01
4.335696697235107422e-01
4.047310352325439453e-01
4.164438247680664062e-01
4.115099906921386719e-01
4.132518768310546875e-01
4.075241088867187500e-01
3.924181461334228516e-01
4.128744602203369141e-01
4.018554687500000000e-01
4.129040241241455078e-01
4.185292720794677734e-01
4.052195549011230469e-01
4.176263809204101562e-01
3.928799629211425781e-01
4.239258766174316406e-01
4.229638576507568359e-01
3.890924453735351562e-01
4.149274826049804688e-01
4.227790832519531250e-01
4.043152332305908203e-01
4.232838153839111328e-01
4.133481979370117188e-01
4.209704399108886719e-01
4.156281948089599609e-01
4.195308685302734375e-01
4.200203418731689453e-01
4.160130023956298828e-01
4.015896320343017578e-01
4.229631423950195312e-01
4.015796184539794922e-01
4.188635349273681641e-01
4.376873970031738281e-01
3.963208198547363281e-01
3.743069171905517578e-01
4.090633392333984375e-01
4.060244560241699219e-01
4.007744789123535156e-01
3.971173763275146484e-01
3.886439800262451172e-01
4.081585407257080078e-01
4.319274425506591797e-01
4.108715057373046875e-01
4.134292602539062500e-01
3.978080749511718750e-01
4.116563796997070312e-01
3.839979171752929688e-01
3.976132869720458984e-01
4.274625778198242188e-01
4.380962848663330078e-01
4.038033485412597656e-01
3.969624042510986328e-01
4.193975925445556641e-01
3.965394496917724609e-01
3.999974727630615234e-01
4.096312522888183594e-01
4.026732444763183594e-01
4.045541286468505859e-01
4.083149433135986328e-01
4.150924682617187500e-01
4.060626029968261719e-01
4.014062881469726562e-01
4.018790721893310547e-01
4.364085197448730469e-01
4.030270576477050781e-01
3.952493667602539062e-01
4.038014411926269531e-01
4.163780212402343750e-01
4.021475315093994141e-01
4.111957550048828125e-01
4.042384624481201172e-01
4.191939830780029297e-01
3.941431045532226562e-01
4.106807708740234375e-01
4.224526882171630859e-01
4.143955707550048828e-01
4.241261482238769531e-01
4.123380184173583984e-01
4.075727462768554688e-01
4.142401218414306641e-01
3.987576961517333984e-01
4.280092716217041016e-01
3.949837684631347656e-01
4.171116352081298828e-01
4.167690277099609375e-01
4.030296802520751953e-01
3.949484825134277344e-01
3.972125053405761719e-01
4.081630706787109375e-01
4.089977741241455078e-01
4.096310138702392578e-01
4.089834690093994141e-01
4.202890396118164062e-01
4.199478626251220703e-01
4.276969432830810547e-01
4.000899791717529297e-01
4.096143245697021484e-01
4.042277336120605469e-01
4.180321693420410156e-01
4.089696407318115234e-01
4.196774959564208984e-01
4.282042980194091797e-01
4.116380214691162109e-01
3.975131511688232422e-01
4.025044441223144531e-01
4.233160018920898438e-01
4.108259677886962891e-01
3.992652893066406250e-01
4.106149673461914062e-01
4.117412567138671875e-01
4.155180454254150391e-01
4.049627780914306641e-01
3.962273597717285156e-01
4.235126972198486328e-01
3.822052478790283203e-01
4.120533466339111328e-01
3.998355865478515625e-01
4.060869216918945312e-01
4.218025207519531250e-01
4.007544517517089844e-01
4.110791683197021484e-01
3.893167972564697266e-01
4.064972400665283203e-01
4.210114479064941406e-01
4.187042713165283203e-01
4.155075550079345703e-01
3.809037208557128906e-01
4.087445735931396484e-01
4.080908298492431641e-01
4.051172733306884766e-01
4.087169170379638672e-01
3.782756328582763672e-01
4.106798171997070312e-01
4.069304466247558594e-01
4.065246582031250000e-01
4.073023796081542969e-01
4.035239219665527344e-01
3.989143371582031250e-01
4.135057926177978516e-01
3.989627361297607422e-01
4.129605293273925781e-01
4.061875343322753906e-01
4.187297821044921875e-01
4.146416187286376953e-01
3.915057182312011719e-01
4.058389663696289062e-01
4.138169288635253906e-01
4.174673557281494141e-01
4.053301811218261719e-01
4.066553115844726562e-01
4.092011451721191406e-01
4.141478538513183594e-01
4.205818176269531250e-01
